UserID,PaymentDate,Amount,PaymentMethod,Month
U0001,2022-01-14,30.0,PayPal,2022-01
U0001,2022-02-14,30.0,Credit Card,2022-02
U0001,2022-03-14,30.0,Credit Card,2022-03
U0001,2022-04-14,30.0,Bank Transfer,2022-04
U0001,2022-05-14,30.0,PayPal,2022-05
U0001,2022-06-14,30.0,PayPal,2022-06
U0001,2022-07-14,30.0,Credit Card,2022-07
U0001,2022-08-14,30.0,PayPal,2022-08
U0001,2022-09-14,30.0,Credit Card,2022-09
U0001,2022-10-14,30.0,Credit Card,2022-10
U0001,2022-11-14,30.0,Bank Transfer,2022-11
U0001,2022-12-14,30.0,PayPal,2022-12
U0002,2022-08-25,20.0,PayPal,2022-08
U0002,2022-09-25,20.0,PayPal,2022-09
U0002,2022-10-25,20.0,PayPal,2022-10
U0003,2022-10-08,20.0,Bank Transfer,2022-10
U0004,2022-08-27,10.0,PayPal,2022-08
U0004,2022-09-27,10.0,Bank Transfer,2022-09
U0004,2022-10-27,10.0,Credit Card,2022-10
U0005,2022-03-05,10.0,PayPal,2022-03
U0005,2022-04-05,10.0,Bank Transfer,2022-04
U0005,2022-05-05,10.0,Credit Card,2022-05
U0005,2022-06-05,10.0,Bank Transfer,2022-06
U0005,2022-07-05,10.0,Credit Card,2022-07
U0005,2022-08-05,10.0,Credit Card,2022-08
U0005,2022-09-05,10.0,PayPal,2022-09
U0005,2022-10-05,10.0,Bank Transfer,2022-10
U0005,2022-11-05,10.0,PayPal,2022-11
U0005,2022-12-05,10.0,PayPal,2022-12
U0005,2023-01-05,10.0,PayPal,2023-01
U0005,2023-02-05,10.0,Credit Card,2023-02
U0006,2022-08-19,30.0,PayPal,2022-08
U0006,2022-09-19,30.0,Credit Card,2022-09
U0006,2022-10-19,30.0,PayPal,2022-10
U0006,2022-11-19,30.0,Credit Card,2022-11
U0006,2022-12-19,30.0,Bank Transfer,2022-12
U0006,2023-01-19,30.0,Bank Transfer,2023-01
U0007,2022-08-29,10.0,Bank Transfer,2022-08
U0007,2022-09-29,10.0,Credit Card,2022-09
U0007,2022-10-29,10.0,PayPal,2022-10
U0007,2022-11-29,10.0,Bank Transfer,2022-11
U0007,2022-12-29,10.0,PayPal,2022-12
U0007,2023-01-29,10.0,Bank Transfer,2023-01
U0008,2022-01-02,20.0,PayPal,2022-01
U0008,2022-02-02,20.0,Credit Card,2022-02
U0008,2022-03-02,20.0,Credit Card,2022-03
U0009,2022-01-04,10.0,Credit Card,2022-01
U0009,2022-02-04,10.0,Credit Card,2022-02
U0009,2022-03-04,10.0,Bank Transfer,2022-03
U0009,2022-04-04,10.0,Credit Card,2022-04
U0009,2022-05-04,10.0,PayPal,2022-05
U0009,2022-06-04,10.0,Bank Transfer,2022-06
U0009,2022-07-04,10.0,PayPal,2022-07
U0009,2022-08-04,10.0,Credit Card,2022-08
U0009,2022-09-04,10.0,PayPal,2022-09
U0009,2022-10-04,10.0,PayPal,2022-10
U0009,2022-11-04,10.0,Bank Transfer,2022-11
U0009,2022-12-04,10.0,Credit Card,2022-12
U0010,2022-10-07,20.0,Bank Transfer,2022-10
U0010,2022-11-07,20.0,Bank Transfer,2022-11
U0010,2022-12-07,20.0,PayPal,2022-12
U0011,2022-06-27,10.0,Credit Card,2022-06
U0011,2022-07-27,10.0,Bank Transfer,2022-07
U0011,2022-08-27,10.0,PayPal,2022-08
U0011,2022-09-27,10.0,Bank Transfer,2022-09
U0011,2022-10-27,10.0,Credit Card,2022-10
U0011,2022-11-27,10.0,Bank Transfer,2022-11
U0011,2022-12-27,10.0,Bank Transfer,2022-12
U0011,2023-01-27,10.0,PayPal,2023-01
U0011,2023-02-27,10.0,PayPal,2023-02
U0011,2023-03-27,10.0,Bank Transfer,2023-03
U0011,2023-04-27,10.0,Bank Transfer,2023-04
U0011,2023-05-27,10.0,Bank Transfer,2023-05
U0012,2022-08-26,30.0,PayPal,2022-08
U0012,2022-09-26,30.0,PayPal,2022-09
U0012,2022-10-26,30.0,PayPal,2022-10
U0013,2022-10-11,10.0,Bank Transfer,2022-10
U0013,2022-11-11,10.0,Bank Transfer,2022-11
U0013,2022-12-11,10.0,PayPal,2022-12
U0013,2023-01-11,10.0,PayPal,2023-01
U0013,2023-02-11,10.0,Credit Card,2023-02
U0013,2023-03-11,10.0,Bank Transfer,2023-03
U0014,2022-06-05,20.0,PayPal,2022-06
U0015,2022-08-18,10.0,Bank Transfer,2022-08
U0016,2022-12-20,20.0,PayPal,2022-12
U0016,2023-01-20,20.0,Credit Card,2023-01
U0016,2023-02-20,20.0,PayPal,2023-02
U0016,2023-03-20,20.0,PayPal,2023-03
U0016,2023-04-20,20.0,PayPal,2023-04
U0016,2023-05-20,20.0,PayPal,2023-05
U0016,2023-06-20,20.0,Bank Transfer,2023-06
U0016,2023-07-20,20.0,Bank Transfer,2023-07
U0016,2023-08-20,20.0,PayPal,2023-08
U0016,2023-09-20,20.0,PayPal,2023-09
U0016,2023-10-20,20.0,Bank Transfer,2023-10
U0016,2023-11-20,20.0,Credit Card,2023-11
U0017,2022-10-30,20.0,Credit Card,2022-10
U0017,2022-11-30,20.0,Bank Transfer,2022-11
U0017,2022-12-30,20.0,Bank Transfer,2022-12
U0017,2023-01-30,20.0,Credit Card,2023-01
U0017,2023-02-28,20.0,PayPal,2023-02
U0017,2023-03-30,20.0,Credit Card,2023-03
U0018,2022-12-27,10.0,PayPal,2022-12
U0018,2023-01-27,10.0,Bank Transfer,2023-01
U0018,2023-02-27,10.0,Bank Transfer,2023-02
U0018,2023-03-27,10.0,Bank Transfer,2023-03
U0018,2023-04-27,10.0,Bank Transfer,2023-04
U0018,2023-05-27,10.0,Bank Transfer,2023-05
U0018,2023-06-27,10.0,PayPal,2023-06
U0018,2023-07-27,10.0,Credit Card,2023-07
U0018,2023-08-27,10.0,PayPal,2023-08
U0018,2023-09-27,10.0,PayPal,2023-09
U0018,2023-10-27,10.0,PayPal,2023-10
U0018,2023-11-27,10.0,Bank Transfer,2023-11
U0019,2022-02-12,10.0,Credit Card,2022-02
U0020,2022-02-14,30.0,Credit Card,2022-02
U0020,2022-03-14,30.0,Bank Transfer,2022-03
U0020,2022-04-14,30.0,PayPal,2022-04
U0021,2022-10-15,30.0,Bank Transfer,2022-10
U0021,2022-11-15,30.0,Credit Card,2022-11
U0021,2022-12-15,30.0,PayPal,2022-12
U0021,2023-01-15,30.0,Bank Transfer,2023-01
U0021,2023-02-15,30.0,PayPal,2023-02
U0021,2023-03-15,30.0,Bank Transfer,2023-03
U0021,2023-04-15,30.0,PayPal,2023-04
U0021,2023-05-15,30.0,PayPal,2023-05
U0021,2023-06-15,30.0,PayPal,2023-06
U0021,2023-07-15,30.0,Bank Transfer,2023-07
U0021,2023-08-15,30.0,Bank Transfer,2023-08
U0021,2023-09-15,30.0,Bank Transfer,2023-09
U0022,2022-01-24,10.0,Credit Card,2022-01
U0022,2022-02-24,10.0,Bank Transfer,2022-02
U0022,2022-03-24,10.0,PayPal,2022-03
U0022,2022-04-24,10.0,PayPal,2022-04
U0022,2022-05-24,10.0,PayPal,2022-05
U0022,2022-06-24,10.0,Credit Card,2022-06
U0022,2022-07-24,10.0,PayPal,2022-07
U0022,2022-08-24,10.0,Credit Card,2022-08
U0022,2022-09-24,10.0,Bank Transfer,2022-09
U0022,2022-10-24,10.0,Bank Transfer,2022-10
U0022,2022-11-24,10.0,PayPal,2022-11
U0022,2022-12-24,10.0,Credit Card,2022-12
U0023,2022-04-08,30.0,PayPal,2022-04
U0023,2022-05-08,30.0,Credit Card,2022-05
U0023,2022-06-08,30.0,Bank Transfer,2022-06
U0023,2022-07-08,30.0,Credit Card,2022-07
U0023,2022-08-08,30.0,Credit Card,2022-08
U0023,2022-09-08,30.0,Bank Transfer,2022-09
U0023,2022-10-08,30.0,Credit Card,2022-10
U0023,2022-11-08,30.0,Credit Card,2022-11
U0023,2022-12-08,30.0,PayPal,2022-12
U0023,2023-01-08,30.0,Bank Transfer,2023-01
U0023,2023-02-08,30.0,Credit Card,2023-02
U0023,2023-03-08,30.0,Credit Card,2023-03
U0024,2022-03-21,20.0,PayPal,2022-03
U0025,2022-08-10,20.0,Credit Card,2022-08
U0025,2022-09-10,20.0,PayPal,2022-09
U0025,2022-10-10,20.0,Credit Card,2022-10
U0025,2022-11-10,20.0,PayPal,2022-11
U0025,2022-12-10,20.0,Credit Card,2022-12
U0025,2023-01-10,20.0,PayPal,2023-01
U0026,2022-02-16,30.0,PayPal,2022-02
U0026,2022-03-16,30.0,PayPal,2022-03
U0026,2022-04-16,30.0,PayPal,2022-04
U0027,2022-01-06,10.0,PayPal,2022-01
U0027,2022-02-06,10.0,PayPal,2022-02
U0027,2022-03-06,10.0,Bank Transfer,2022-03
U0027,2022-04-06,10.0,PayPal,2022-04
U0027,2022-05-06,10.0,Bank Transfer,2022-05
U0027,2022-06-06,10.0,Bank Transfer,2022-06
U0027,2022-07-06,10.0,Credit Card,2022-07
U0027,2022-08-06,10.0,PayPal,2022-08
U0027,2022-09-06,10.0,Bank Transfer,2022-09
U0027,2022-10-06,10.0,Bank Transfer,2022-10
U0027,2022-11-06,10.0,Bank Transfer,2022-11
U0027,2022-12-06,10.0,Credit Card,2022-12
U0028,2022-07-03,10.0,Bank Transfer,2022-07
U0028,2022-08-03,10.0,Credit Card,2022-08
U0028,2022-09-03,10.0,Credit Card,2022-09
U0029,2022-03-27,30.0,Credit Card,2022-03
U0030,2022-11-13,20.0,Bank Transfer,2022-11
U0031,2022-11-06,30.0,PayPal,2022-11
U0031,2022-12-06,30.0,Bank Transfer,2022-12
U0031,2023-01-06,30.0,Bank Transfer,2023-01
U0031,2023-02-06,30.0,Credit Card,2023-02
U0031,2023-03-06,30.0,Credit Card,2023-03
U0031,2023-04-06,30.0,PayPal,2023-04
U0031,2023-05-06,30.0,Credit Card,2023-05
U0031,2023-06-06,30.0,Credit Card,2023-06
U0031,2023-07-06,30.0,Bank Transfer,2023-07
U0031,2023-08-06,30.0,Credit Card,2023-08
U0031,2023-09-06,30.0,PayPal,2023-09
U0031,2023-10-06,30.0,Bank Transfer,2023-10
U0032,2022-07-17,10.0,Bank Transfer,2022-07
U0032,2022-08-17,10.0,Bank Transfer,2022-08
U0032,2022-09-17,10.0,Credit Card,2022-09
U0032,2022-10-17,10.0,Credit Card,2022-10
U0032,2022-11-17,10.0,Bank Transfer,2022-11
U0032,2022-12-17,10.0,PayPal,2022-12
U0033,2022-06-02,20.0,Bank Transfer,2022-06
U0033,2022-07-02,20.0,Credit Card,2022-07
U0033,2022-08-02,20.0,Bank Transfer,2022-08
U0033,2022-09-02,20.0,PayPal,2022-09
U0033,2022-10-02,20.0,PayPal,2022-10
U0033,2022-11-02,20.0,Credit Card,2022-11
U0033,2022-12-02,20.0,Bank Transfer,2022-12
U0033,2023-01-02,20.0,Credit Card,2023-01
U0033,2023-02-02,20.0,PayPal,2023-02
U0033,2023-03-02,20.0,Bank Transfer,2023-03
U0033,2023-04-02,20.0,Bank Transfer,2023-04
U0033,2023-05-02,20.0,Bank Transfer,2023-05
U0034,2022-02-18,30.0,PayPal,2022-02
U0034,2022-03-18,30.0,Credit Card,2022-03
U0034,2022-04-18,30.0,Credit Card,2022-04
U0034,2022-05-18,30.0,PayPal,2022-05
U0034,2022-06-18,30.0,Credit Card,2022-06
U0034,2022-07-18,30.0,PayPal,2022-07
U0034,2022-08-18,30.0,Bank Transfer,2022-08
U0034,2022-09-18,30.0,PayPal,2022-09
U0034,2022-10-18,30.0,Credit Card,2022-10
U0034,2022-11-18,30.0,PayPal,2022-11
U0034,2022-12-18,30.0,Credit Card,2022-12
U0034,2023-01-18,30.0,Bank Transfer,2023-01
U0035,2022-08-17,20.0,Credit Card,2022-08
U0035,2022-09-17,20.0,Bank Transfer,2022-09
U0035,2022-10-17,20.0,Bank Transfer,2022-10
U0036,2022-02-17,30.0,Credit Card,2022-02
U0037,2022-09-10,30.0,PayPal,2022-09
U0037,2022-10-10,30.0,Credit Card,2022-10
U0037,2022-11-10,30.0,PayPal,2022-11
U0037,2022-12-10,30.0,Bank Transfer,2022-12
U0037,2023-01-10,30.0,Bank Transfer,2023-01
U0037,2023-02-10,30.0,Credit Card,2023-02
U0038,2022-07-07,30.0,PayPal,2022-07
U0038,2022-08-07,30.0,Credit Card,2022-08
U0038,2022-09-07,30.0,Credit Card,2022-09
U0038,2022-10-07,30.0,Credit Card,2022-10
U0038,2022-11-07,30.0,Credit Card,2022-11
U0038,2022-12-07,30.0,Bank Transfer,2022-12
U0039,2022-09-06,20.0,Bank Transfer,2022-09
U0039,2022-10-06,20.0,Credit Card,2022-10
U0039,2022-11-06,20.0,Credit Card,2022-11
U0040,2022-12-16,10.0,Credit Card,2022-12
U0040,2023-01-16,10.0,PayPal,2023-01
U0040,2023-02-16,10.0,Bank Transfer,2023-02
U0041,2022-12-27,30.0,Bank Transfer,2022-12
U0041,2023-01-27,30.0,Credit Card,2023-01
U0041,2023-02-27,30.0,Bank Transfer,2023-02
U0042,2022-04-14,30.0,Bank Transfer,2022-04
U0042,2022-05-14,30.0,Credit Card,2022-05
U0042,2022-06-14,30.0,Credit Card,2022-06
U0043,2022-08-04,30.0,Bank Transfer,2022-08
U0043,2022-09-04,30.0,Credit Card,2022-09
U0043,2022-10-04,30.0,PayPal,2022-10
U0044,2022-12-20,20.0,Credit Card,2022-12
U0044,2023-01-20,20.0,Bank Transfer,2023-01
U0044,2023-02-20,20.0,Bank Transfer,2023-02
U0045,2022-03-21,20.0,PayPal,2022-03
U0045,2022-04-21,20.0,PayPal,2022-04
U0045,2022-05-21,20.0,Bank Transfer,2022-05
U0045,2022-06-21,20.0,Credit Card,2022-06
U0045,2022-07-21,20.0,Credit Card,2022-07
U0045,2022-08-21,20.0,Bank Transfer,2022-08
U0046,2022-06-15,30.0,Bank Transfer,2022-06
U0046,2022-07-15,30.0,PayPal,2022-07
U0046,2022-08-15,30.0,Bank Transfer,2022-08
U0046,2022-09-15,30.0,Credit Card,2022-09
U0046,2022-10-15,30.0,PayPal,2022-10
U0046,2022-11-15,30.0,Bank Transfer,2022-11
U0046,2022-12-15,30.0,Bank Transfer,2022-12
U0046,2023-01-15,30.0,PayPal,2023-01
U0046,2023-02-15,30.0,PayPal,2023-02
U0046,2023-03-15,30.0,Bank Transfer,2023-03
U0046,2023-04-15,30.0,Credit Card,2023-04
U0046,2023-05-15,30.0,PayPal,2023-05
U0047,2022-12-27,20.0,Credit Card,2022-12
U0048,2022-04-27,10.0,PayPal,2022-04
U0048,2022-05-27,10.0,PayPal,2022-05
U0048,2022-06-27,10.0,PayPal,2022-06
U0048,2022-07-27,10.0,PayPal,2022-07
U0048,2022-08-27,10.0,PayPal,2022-08
U0048,2022-09-27,10.0,Bank Transfer,2022-09
U0049,2022-01-23,10.0,PayPal,2022-01
U0049,2022-02-23,10.0,Credit Card,2022-02
U0049,2022-03-23,10.0,PayPal,2022-03
U0049,2022-04-23,10.0,Bank Transfer,2022-04
U0049,2022-05-23,10.0,Bank Transfer,2022-05
U0049,2022-06-23,10.0,Bank Transfer,2022-06
U0050,2022-01-03,10.0,PayPal,2022-01
U0050,2022-02-03,10.0,PayPal,2022-02
U0050,2022-03-03,10.0,PayPal,2022-03
U0051,2022-08-11,30.0,Bank Transfer,2022-08
U0051,2022-09-11,30.0,PayPal,2022-09
U0051,2022-10-11,30.0,Credit Card,2022-10
U0052,2022-07-21,20.0,Bank Transfer,2022-07
U0052,2022-08-21,20.0,Credit Card,2022-08
U0052,2022-09-21,20.0,Credit Card,2022-09
U0053,2022-07-06,20.0,Bank Transfer,2022-07
U0053,2022-08-06,20.0,PayPal,2022-08
U0053,2022-09-06,20.0,PayPal,2022-09
U0054,2022-04-27,20.0,Credit Card,2022-04
U0054,2022-05-27,20.0,PayPal,2022-05
U0054,2022-06-27,20.0,Credit Card,2022-06
U0054,2022-07-27,20.0,Bank Transfer,2022-07
U0054,2022-08-27,20.0,Credit Card,2022-08
U0054,2022-09-27,20.0,PayPal,2022-09
U0055,2022-03-10,20.0,PayPal,2022-03
U0055,2022-04-10,20.0,Bank Transfer,2022-04
U0055,2022-05-10,20.0,PayPal,2022-05
U0056,2022-05-22,30.0,PayPal,2022-05
U0056,2022-06-22,30.0,Bank Transfer,2022-06
U0056,2022-07-22,30.0,PayPal,2022-07
U0056,2022-08-22,30.0,Bank Transfer,2022-08
U0056,2022-09-22,30.0,PayPal,2022-09
U0056,2022-10-22,30.0,PayPal,2022-10
U0056,2022-11-22,30.0,Bank Transfer,2022-11
U0056,2022-12-22,30.0,Bank Transfer,2022-12
U0056,2023-01-22,30.0,Credit Card,2023-01
U0056,2023-02-22,30.0,Credit Card,2023-02
U0056,2023-03-22,30.0,Bank Transfer,2023-03
U0056,2023-04-22,30.0,Credit Card,2023-04
U0057,2022-12-12,10.0,Credit Card,2022-12
U0057,2023-01-12,10.0,PayPal,2023-01
U0057,2023-02-12,10.0,Bank Transfer,2023-02
U0058,2022-08-06,30.0,PayPal,2022-08
U0058,2022-09-06,30.0,Bank Transfer,2022-09
U0058,2022-10-06,30.0,PayPal,2022-10
U0058,2022-11-06,30.0,Bank Transfer,2022-11
U0058,2022-12-06,30.0,PayPal,2022-12
U0058,2023-01-06,30.0,PayPal,2023-01
U0058,2023-02-06,30.0,PayPal,2023-02
U0058,2023-03-06,30.0,Credit Card,2023-03
U0058,2023-04-06,30.0,Bank Transfer,2023-04
U0058,2023-05-06,30.0,Credit Card,2023-05
U0058,2023-06-06,30.0,Credit Card,2023-06
U0058,2023-07-06,30.0,Credit Card,2023-07
U0059,2022-10-15,20.0,PayPal,2022-10
U0059,2022-11-15,20.0,PayPal,2022-11
U0059,2022-12-15,20.0,Credit Card,2022-12
U0059,2023-01-15,20.0,PayPal,2023-01
U0059,2023-02-15,20.0,Bank Transfer,2023-02
U0059,2023-03-15,20.0,Bank Transfer,2023-03
U0060,2022-06-01,20.0,PayPal,2022-06
U0060,2022-07-01,20.0,Bank Transfer,2022-07
U0060,2022-08-01,20.0,Bank Transfer,2022-08
U0061,2022-05-24,10.0,Credit Card,2022-05
U0061,2022-06-24,10.0,PayPal,2022-06
U0061,2022-07-24,10.0,PayPal,2022-07
U0061,2022-08-24,10.0,Credit Card,2022-08
U0061,2022-09-24,10.0,Credit Card,2022-09
U0061,2022-10-24,10.0,Credit Card,2022-10
U0062,2022-06-29,30.0,PayPal,2022-06
U0062,2022-07-29,30.0,Bank Transfer,2022-07
U0062,2022-08-29,30.0,Credit Card,2022-08
U0062,2022-09-29,30.0,Credit Card,2022-09
U0062,2022-10-29,30.0,PayPal,2022-10
U0062,2022-11-29,30.0,Credit Card,2022-11
U0063,2022-12-09,30.0,Credit Card,2022-12
U0063,2023-01-09,30.0,Credit Card,2023-01
U0063,2023-02-09,30.0,Bank Transfer,2023-02
U0063,2023-03-09,30.0,Credit Card,2023-03
U0063,2023-04-09,30.0,Bank Transfer,2023-04
U0063,2023-05-09,30.0,PayPal,2023-05
U0063,2023-06-09,30.0,Credit Card,2023-06
U0063,2023-07-09,30.0,PayPal,2023-07
U0063,2023-08-09,30.0,Credit Card,2023-08
U0063,2023-09-09,30.0,Bank Transfer,2023-09
U0063,2023-10-09,30.0,Credit Card,2023-10
U0063,2023-11-09,30.0,Bank Transfer,2023-11
U0064,2022-11-20,10.0,Bank Transfer,2022-11
U0064,2022-12-20,10.0,Bank Transfer,2022-12
U0064,2023-01-20,10.0,Credit Card,2023-01
U0064,2023-02-20,10.0,Bank Transfer,2023-02
U0064,2023-03-20,10.0,Bank Transfer,2023-03
U0064,2023-04-20,10.0,Bank Transfer,2023-04
U0065,2022-01-04,30.0,Bank Transfer,2022-01
U0065,2022-02-04,30.0,Bank Transfer,2022-02
U0065,2022-03-04,30.0,Credit Card,2022-03
U0066,2022-03-22,10.0,Bank Transfer,2022-03
U0066,2022-04-22,10.0,Credit Card,2022-04
U0066,2022-05-22,10.0,Bank Transfer,2022-05
U0066,2022-06-22,10.0,Credit Card,2022-06
U0066,2022-07-22,10.0,Credit Card,2022-07
U0066,2022-08-22,10.0,Bank Transfer,2022-08
U0066,2022-09-22,10.0,Credit Card,2022-09
U0066,2022-10-22,10.0,Credit Card,2022-10
U0066,2022-11-22,10.0,Bank Transfer,2022-11
U0066,2022-12-22,10.0,PayPal,2022-12
U0066,2023-01-22,10.0,Bank Transfer,2023-01
U0066,2023-02-22,10.0,PayPal,2023-02
U0067,2022-06-14,10.0,PayPal,2022-06
U0067,2022-07-14,10.0,Bank Transfer,2022-07
U0067,2022-08-14,10.0,Credit Card,2022-08
U0068,2022-08-25,20.0,Bank Transfer,2022-08
U0068,2022-09-25,20.0,Bank Transfer,2022-09
U0068,2022-10-25,20.0,Credit Card,2022-10
U0068,2022-11-25,20.0,Credit Card,2022-11
U0068,2022-12-25,20.0,Bank Transfer,2022-12
U0068,2023-01-25,20.0,Bank Transfer,2023-01
U0069,2022-11-19,10.0,Bank Transfer,2022-11
U0069,2022-12-19,10.0,PayPal,2022-12
U0069,2023-01-19,10.0,Credit Card,2023-01
U0070,2022-04-27,10.0,Bank Transfer,2022-04
U0070,2022-05-27,10.0,Bank Transfer,2022-05
U0070,2022-06-27,10.0,Credit Card,2022-06
U0070,2022-07-27,10.0,Bank Transfer,2022-07
U0070,2022-08-27,10.0,Bank Transfer,2022-08
U0070,2022-09-27,10.0,PayPal,2022-09
U0071,2022-12-07,10.0,Credit Card,2022-12
U0072,2022-09-26,30.0,Bank Transfer,2022-09
U0073,2022-06-03,10.0,PayPal,2022-06
U0073,2022-07-03,10.0,PayPal,2022-07
U0073,2022-08-03,10.0,PayPal,2022-08
U0073,2022-09-03,10.0,Credit Card,2022-09
U0073,2022-10-03,10.0,Bank Transfer,2022-10
U0073,2022-11-03,10.0,Credit Card,2022-11
U0073,2022-12-03,10.0,Credit Card,2022-12
U0073,2023-01-03,10.0,Bank Transfer,2023-01
U0073,2023-02-03,10.0,PayPal,2023-02
U0073,2023-03-03,10.0,PayPal,2023-03
U0073,2023-04-03,10.0,PayPal,2023-04
U0073,2023-05-03,10.0,PayPal,2023-05
U0074,2022-10-03,20.0,Bank Transfer,2022-10
U0074,2022-11-03,20.0,Credit Card,2022-11
U0074,2022-12-03,20.0,PayPal,2022-12
U0075,2022-03-31,10.0,PayPal,2022-03
U0075,2022-04-30,10.0,Credit Card,2022-04
U0075,2022-05-31,10.0,PayPal,2022-05
U0075,2022-06-30,10.0,Credit Card,2022-06
U0075,2022-07-31,10.0,PayPal,2022-07
U0075,2022-08-31,10.0,Credit Card,2022-08
U0076,2022-10-22,10.0,PayPal,2022-10
U0076,2022-11-22,10.0,PayPal,2022-11
U0076,2022-12-22,10.0,PayPal,2022-12
U0076,2023-01-22,10.0,Bank Transfer,2023-01
U0076,2023-02-22,10.0,PayPal,2023-02
U0076,2023-03-22,10.0,Bank Transfer,2023-03
U0076,2023-04-22,10.0,Bank Transfer,2023-04
U0076,2023-05-22,10.0,Credit Card,2023-05
U0076,2023-06-22,10.0,Credit Card,2023-06
U0076,2023-07-22,10.0,Credit Card,2023-07
U0076,2023-08-22,10.0,PayPal,2023-08
U0076,2023-09-22,10.0,Bank Transfer,2023-09
U0077,2022-03-30,20.0,Credit Card,2022-03
U0078,2022-02-19,20.0,Credit Card,2022-02
U0079,2022-10-26,10.0,PayPal,2022-10
U0080,2022-04-13,10.0,Bank Transfer,2022-04
U0080,2022-05-13,10.0,Credit Card,2022-05
U0080,2022-06-13,10.0,Bank Transfer,2022-06
U0080,2022-07-13,10.0,PayPal,2022-07
U0080,2022-08-13,10.0,Bank Transfer,2022-08
U0080,2022-09-13,10.0,PayPal,2022-09
U0081,2022-11-13,10.0,Credit Card,2022-11
U0081,2022-12-13,10.0,Credit Card,2022-12
U0081,2023-01-13,10.0,Bank Transfer,2023-01
U0081,2023-02-13,10.0,Credit Card,2023-02
U0081,2023-03-13,10.0,Bank Transfer,2023-03
U0081,2023-04-13,10.0,Credit Card,2023-04
U0082,2022-09-24,10.0,PayPal,2022-09
U0082,2022-10-24,10.0,Credit Card,2022-10
U0082,2022-11-24,10.0,Bank Transfer,2022-11
U0083,2022-11-28,30.0,Bank Transfer,2022-11
U0083,2022-12-28,30.0,Bank Transfer,2022-12
U0083,2023-01-28,30.0,Credit Card,2023-01
U0083,2023-02-28,30.0,Credit Card,2023-02
U0083,2023-03-28,30.0,Credit Card,2023-03
U0083,2023-04-28,30.0,Bank Transfer,2023-04
U0083,2023-05-28,30.0,Bank Transfer,2023-05
U0083,2023-06-28,30.0,Credit Card,2023-06
U0083,2023-07-28,30.0,Credit Card,2023-07
U0083,2023-08-28,30.0,Bank Transfer,2023-08
U0083,2023-09-28,30.0,Credit Card,2023-09
U0083,2023-10-28,30.0,Credit Card,2023-10
U0084,2022-09-24,30.0,PayPal,2022-09
U0085,2022-04-09,30.0,Credit Card,2022-04
U0085,2022-05-09,30.0,Credit Card,2022-05
U0085,2022-06-09,30.0,PayPal,2022-06
U0086,2022-11-19,10.0,Credit Card,2022-11
U0086,2022-12-19,10.0,Credit Card,2022-12
U0086,2023-01-19,10.0,PayPal,2023-01
U0086,2023-02-19,10.0,Bank Transfer,2023-02
U0086,2023-03-19,10.0,PayPal,2023-03
U0086,2023-04-19,10.0,PayPal,2023-04
U0086,2023-05-19,10.0,PayPal,2023-05
U0086,2023-06-19,10.0,PayPal,2023-06
U0086,2023-07-19,10.0,Bank Transfer,2023-07
U0086,2023-08-19,10.0,Credit Card,2023-08
U0086,2023-09-19,10.0,PayPal,2023-09
U0086,2023-10-19,10.0,Credit Card,2023-10
U0087,2022-10-21,20.0,Credit Card,2022-10
U0088,2022-03-30,10.0,PayPal,2022-03
U0089,2022-03-20,10.0,Credit Card,2022-03
U0089,2022-04-20,10.0,Credit Card,2022-04
U0089,2022-05-20,10.0,Credit Card,2022-05
U0089,2022-06-20,10.0,PayPal,2022-06
U0089,2022-07-20,10.0,Bank Transfer,2022-07
U0089,2022-08-20,10.0,Bank Transfer,2022-08
U0090,2022-09-23,30.0,Bank Transfer,2022-09
U0090,2022-10-23,30.0,Credit Card,2022-10
U0090,2022-11-23,30.0,Bank Transfer,2022-11
U0091,2022-01-31,20.0,PayPal,2022-01
U0092,2022-07-30,20.0,Credit Card,2022-07
U0092,2022-08-30,20.0,Bank Transfer,2022-08
U0092,2022-09-30,20.0,Credit Card,2022-09
U0093,2022-11-20,10.0,Credit Card,2022-11
U0093,2022-12-20,10.0,Credit Card,2022-12
U0093,2023-01-20,10.0,Bank Transfer,2023-01
U0094,2022-02-04,10.0,Credit Card,2022-02
U0094,2022-03-04,10.0,Bank Transfer,2022-03
U0094,2022-04-04,10.0,PayPal,2022-04
U0094,2022-05-04,10.0,PayPal,2022-05
U0094,2022-06-04,10.0,Bank Transfer,2022-06
U0094,2022-07-04,10.0,Credit Card,2022-07
U0094,2022-08-04,10.0,Credit Card,2022-08
U0094,2022-09-04,10.0,Bank Transfer,2022-09
U0094,2022-10-04,10.0,Bank Transfer,2022-10
U0094,2022-11-04,10.0,Bank Transfer,2022-11
U0094,2022-12-04,10.0,PayPal,2022-12
U0094,2023-01-04,10.0,PayPal,2023-01
U0095,2022-12-11,20.0,PayPal,2022-12
U0096,2022-04-27,20.0,Credit Card,2022-04
U0096,2022-05-27,20.0,Bank Transfer,2022-05
U0096,2022-06-27,20.0,Credit Card,2022-06
U0096,2022-07-27,20.0,Credit Card,2022-07
U0096,2022-08-27,20.0,Bank Transfer,2022-08
U0096,2022-09-27,20.0,Credit Card,2022-09
U0097,2022-08-11,30.0,PayPal,2022-08
U0097,2022-09-11,30.0,PayPal,2022-09
U0097,2022-10-11,30.0,Credit Card,2022-10
U0097,2022-11-11,30.0,Bank Transfer,2022-11
U0097,2022-12-11,30.0,PayPal,2022-12
U0097,2023-01-11,30.0,Bank Transfer,2023-01
U0097,2023-02-11,30.0,Bank Transfer,2023-02
U0097,2023-03-11,30.0,Bank Transfer,2023-03
U0097,2023-04-11,30.0,Credit Card,2023-04
U0097,2023-05-11,30.0,PayPal,2023-05
U0097,2023-06-11,30.0,Bank Transfer,2023-06
U0097,2023-07-11,30.0,Credit Card,2023-07
U0098,2022-01-15,30.0,Bank Transfer,2022-01
U0099,2022-10-19,30.0,Credit Card,2022-10
U0099,2022-11-19,30.0,Credit Card,2022-11
U0099,2022-12-19,30.0,Credit Card,2022-12
U0099,2023-01-19,30.0,Credit Card,2023-01
U0099,2023-02-19,30.0,PayPal,2023-02
U0099,2023-03-19,30.0,PayPal,2023-03
U0099,2023-04-19,30.0,PayPal,2023-04
U0099,2023-05-19,30.0,Bank Transfer,2023-05
U0099,2023-06-19,30.0,Bank Transfer,2023-06
U0099,2023-07-19,30.0,Credit Card,2023-07
U0099,2023-08-19,30.0,PayPal,2023-08
U0099,2023-09-19,30.0,Credit Card,2023-09
U0100,2022-01-22,10.0,Credit Card,2022-01
U0100,2022-02-22,10.0,PayPal,2022-02
U0100,2022-03-22,10.0,Credit Card,2022-03
U0100,2022-04-22,10.0,Credit Card,2022-04
U0100,2022-05-22,10.0,Bank Transfer,2022-05
U0100,2022-06-22,10.0,Bank Transfer,2022-06
U0101,2022-12-29,20.0,Bank Transfer,2022-12
U0101,2023-01-29,20.0,Credit Card,2023-01
U0101,2023-02-28,20.0,Bank Transfer,2023-02
U0101,2023-03-29,20.0,Credit Card,2023-03
U0101,2023-04-29,20.0,Credit Card,2023-04
U0101,2023-05-29,20.0,Bank Transfer,2023-05
U0102,2022-08-01,30.0,Credit Card,2022-08
U0103,2022-09-09,30.0,PayPal,2022-09
U0104,2022-08-09,30.0,Credit Card,2022-08
U0104,2022-09-09,30.0,Credit Card,2022-09
U0104,2022-10-09,30.0,Bank Transfer,2022-10
U0104,2022-11-09,30.0,PayPal,2022-11
U0104,2022-12-09,30.0,Credit Card,2022-12
U0104,2023-01-09,30.0,Credit Card,2023-01
U0105,2022-09-03,30.0,PayPal,2022-09
U0105,2022-10-03,30.0,Credit Card,2022-10
U0105,2022-11-03,30.0,PayPal,2022-11
U0106,2022-06-30,30.0,Bank Transfer,2022-06
U0106,2022-07-30,30.0,Bank Transfer,2022-07
U0106,2022-08-30,30.0,PayPal,2022-08
U0107,2022-08-07,20.0,PayPal,2022-08
U0107,2022-09-07,20.0,Credit Card,2022-09
U0107,2022-10-07,20.0,Bank Transfer,2022-10
U0107,2022-11-07,20.0,Credit Card,2022-11
U0107,2022-12-07,20.0,PayPal,2022-12
U0107,2023-01-07,20.0,Bank Transfer,2023-01
U0107,2023-02-07,20.0,Credit Card,2023-02
U0107,2023-03-07,20.0,Bank Transfer,2023-03
U0107,2023-04-07,20.0,Credit Card,2023-04
U0107,2023-05-07,20.0,Bank Transfer,2023-05
U0107,2023-06-07,20.0,Bank Transfer,2023-06
U0107,2023-07-07,20.0,Bank Transfer,2023-07
U0108,2022-01-03,10.0,PayPal,2022-01
U0108,2022-02-03,10.0,Bank Transfer,2022-02
U0108,2022-03-03,10.0,PayPal,2022-03
U0108,2022-04-03,10.0,Bank Transfer,2022-04
U0108,2022-05-03,10.0,PayPal,2022-05
U0108,2022-06-03,10.0,Credit Card,2022-06
U0109,2022-07-27,20.0,Bank Transfer,2022-07
U0110,2022-11-06,10.0,Credit Card,2022-11
U0110,2022-12-06,10.0,Credit Card,2022-12
U0110,2023-01-06,10.0,Credit Card,2023-01
U0110,2023-02-06,10.0,Credit Card,2023-02
U0110,2023-03-06,10.0,PayPal,2023-03
U0110,2023-04-06,10.0,PayPal,2023-04
U0111,2022-10-12,30.0,Credit Card,2022-10
U0111,2022-11-12,30.0,Bank Transfer,2022-11
U0111,2022-12-12,30.0,PayPal,2022-12
U0111,2023-01-12,30.0,Credit Card,2023-01
U0111,2023-02-12,30.0,Bank Transfer,2023-02
U0111,2023-03-12,30.0,PayPal,2023-03
U0111,2023-04-12,30.0,Bank Transfer,2023-04
U0111,2023-05-12,30.0,PayPal,2023-05
U0111,2023-06-12,30.0,PayPal,2023-06
U0111,2023-07-12,30.0,Credit Card,2023-07
U0111,2023-08-12,30.0,Credit Card,2023-08
U0111,2023-09-12,30.0,Credit Card,2023-09
U0112,2022-05-09,20.0,Credit Card,2022-05
U0112,2022-06-09,20.0,PayPal,2022-06
U0112,2022-07-09,20.0,PayPal,2022-07
U0112,2022-08-09,20.0,Credit Card,2022-08
U0112,2022-09-09,20.0,Credit Card,2022-09
U0112,2022-10-09,20.0,Credit Card,2022-10
U0112,2022-11-09,20.0,PayPal,2022-11
U0112,2022-12-09,20.0,PayPal,2022-12
U0112,2023-01-09,20.0,PayPal,2023-01
U0112,2023-02-09,20.0,Bank Transfer,2023-02
U0112,2023-03-09,20.0,Bank Transfer,2023-03
U0112,2023-04-09,20.0,Bank Transfer,2023-04
U0113,2022-06-18,10.0,Bank Transfer,2022-06
U0113,2022-07-18,10.0,PayPal,2022-07
U0113,2022-08-18,10.0,Bank Transfer,2022-08
U0113,2022-09-18,10.0,PayPal,2022-09
U0113,2022-10-18,10.0,Bank Transfer,2022-10
U0113,2022-11-18,10.0,Credit Card,2022-11
U0113,2022-12-18,10.0,Bank Transfer,2022-12
U0113,2023-01-18,10.0,Bank Transfer,2023-01
U0113,2023-02-18,10.0,Credit Card,2023-02
U0113,2023-03-18,10.0,PayPal,2023-03
U0113,2023-04-18,10.0,Bank Transfer,2023-04
U0113,2023-05-18,10.0,Credit Card,2023-05
U0114,2022-05-21,20.0,PayPal,2022-05
U0114,2022-06-21,20.0,PayPal,2022-06
U0114,2022-07-21,20.0,PayPal,2022-07
U0114,2022-08-21,20.0,Credit Card,2022-08
U0114,2022-09-21,20.0,Bank Transfer,2022-09
U0114,2022-10-21,20.0,Bank Transfer,2022-10
U0115,2022-04-03,10.0,PayPal,2022-04
U0115,2022-05-03,10.0,Credit Card,2022-05
U0115,2022-06-03,10.0,PayPal,2022-06
U0115,2022-07-03,10.0,Bank Transfer,2022-07
U0115,2022-08-03,10.0,Bank Transfer,2022-08
U0115,2022-09-03,10.0,Bank Transfer,2022-09
U0115,2022-10-03,10.0,Bank Transfer,2022-10
U0115,2022-11-03,10.0,PayPal,2022-11
U0115,2022-12-03,10.0,PayPal,2022-12
U0115,2023-01-03,10.0,Credit Card,2023-01
U0115,2023-02-03,10.0,Bank Transfer,2023-02
U0115,2023-03-03,10.0,PayPal,2023-03
U0116,2022-05-23,20.0,Bank Transfer,2022-05
U0116,2022-06-23,20.0,Bank Transfer,2022-06
U0116,2022-07-23,20.0,Credit Card,2022-07
U0116,2022-08-23,20.0,Bank Transfer,2022-08
U0116,2022-09-23,20.0,Bank Transfer,2022-09
U0116,2022-10-23,20.0,Credit Card,2022-10
U0116,2022-11-23,20.0,PayPal,2022-11
U0116,2022-12-23,20.0,Credit Card,2022-12
U0116,2023-01-23,20.0,Credit Card,2023-01
U0116,2023-02-23,20.0,Credit Card,2023-02
U0116,2023-03-23,20.0,Bank Transfer,2023-03
U0116,2023-04-23,20.0,Credit Card,2023-04
U0117,2022-03-19,10.0,PayPal,2022-03
U0117,2022-04-19,10.0,PayPal,2022-04
U0117,2022-05-19,10.0,Credit Card,2022-05
U0117,2022-06-19,10.0,Credit Card,2022-06
U0117,2022-07-19,10.0,PayPal,2022-07
U0117,2022-08-19,10.0,Credit Card,2022-08
U0117,2022-09-19,10.0,Credit Card,2022-09
U0117,2022-10-19,10.0,PayPal,2022-10
U0117,2022-11-19,10.0,Credit Card,2022-11
U0117,2022-12-19,10.0,Credit Card,2022-12
U0117,2023-01-19,10.0,Bank Transfer,2023-01
U0117,2023-02-19,10.0,PayPal,2023-02
U0118,2022-03-21,20.0,Credit Card,2022-03
U0118,2022-04-21,20.0,PayPal,2022-04
U0118,2022-05-21,20.0,Bank Transfer,2022-05
U0118,2022-06-21,20.0,PayPal,2022-06
U0118,2022-07-21,20.0,Bank Transfer,2022-07
U0118,2022-08-21,20.0,Bank Transfer,2022-08
U0119,2022-09-29,20.0,Credit Card,2022-09
U0120,2022-01-01,10.0,Bank Transfer,2022-01
U0120,2022-02-01,10.0,PayPal,2022-02
U0120,2022-03-01,10.0,Bank Transfer,2022-03
U0120,2022-04-01,10.0,Bank Transfer,2022-04
U0120,2022-05-01,10.0,Credit Card,2022-05
U0120,2022-06-01,10.0,Credit Card,2022-06
U0120,2022-07-01,10.0,Bank Transfer,2022-07
U0120,2022-08-01,10.0,Credit Card,2022-08
U0120,2022-09-01,10.0,Bank Transfer,2022-09
U0120,2022-10-01,10.0,PayPal,2022-10
U0120,2022-11-01,10.0,Credit Card,2022-11
U0120,2022-12-01,10.0,PayPal,2022-12
U0121,2022-05-11,30.0,Bank Transfer,2022-05
U0122,2022-05-25,20.0,Credit Card,2022-05
U0122,2022-06-25,20.0,Bank Transfer,2022-06
U0122,2022-07-25,20.0,Credit Card,2022-07
U0123,2022-12-24,20.0,Bank Transfer,2022-12
U0123,2023-01-24,20.0,PayPal,2023-01
U0123,2023-02-24,20.0,PayPal,2023-02
U0123,2023-03-24,20.0,PayPal,2023-03
U0123,2023-04-24,20.0,PayPal,2023-04
U0123,2023-05-24,20.0,Credit Card,2023-05
U0124,2022-04-18,10.0,PayPal,2022-04
U0124,2022-05-18,10.0,Bank Transfer,2022-05
U0124,2022-06-18,10.0,Bank Transfer,2022-06
U0124,2022-07-18,10.0,Bank Transfer,2022-07
U0124,2022-08-18,10.0,Credit Card,2022-08
U0124,2022-09-18,10.0,Credit Card,2022-09
U0124,2022-10-18,10.0,Credit Card,2022-10
U0124,2022-11-18,10.0,PayPal,2022-11
U0124,2022-12-18,10.0,Credit Card,2022-12
U0124,2023-01-18,10.0,PayPal,2023-01
U0124,2023-02-18,10.0,Bank Transfer,2023-02
U0124,2023-03-18,10.0,Credit Card,2023-03
U0125,2022-11-14,30.0,Bank Transfer,2022-11
U0125,2022-12-14,30.0,Bank Transfer,2022-12
U0125,2023-01-14,30.0,Bank Transfer,2023-01
U0125,2023-02-14,30.0,Credit Card,2023-02
U0125,2023-03-14,30.0,Bank Transfer,2023-03
U0125,2023-04-14,30.0,Bank Transfer,2023-04
U0126,2022-09-28,20.0,PayPal,2022-09
U0127,2022-05-02,10.0,Credit Card,2022-05
U0127,2022-06-02,10.0,Bank Transfer,2022-06
U0127,2022-07-02,10.0,Bank Transfer,2022-07
U0128,2022-04-29,30.0,Credit Card,2022-04
U0128,2022-05-29,30.0,Bank Transfer,2022-05
U0128,2022-06-29,30.0,PayPal,2022-06
U0128,2022-07-29,30.0,Credit Card,2022-07
U0128,2022-08-29,30.0,PayPal,2022-08
U0128,2022-09-29,30.0,Bank Transfer,2022-09
U0129,2022-04-20,30.0,Bank Transfer,2022-04
U0129,2022-05-20,30.0,PayPal,2022-05
U0129,2022-06-20,30.0,Bank Transfer,2022-06
U0130,2022-09-14,20.0,Bank Transfer,2022-09
U0130,2022-10-14,20.0,Credit Card,2022-10
U0130,2022-11-14,20.0,Credit Card,2022-11
U0131,2022-11-03,20.0,Bank Transfer,2022-11
U0131,2022-12-03,20.0,Credit Card,2022-12
U0131,2023-01-03,20.0,Credit Card,2023-01
U0132,2022-11-22,10.0,Credit Card,2022-11
U0132,2022-12-22,10.0,Bank Transfer,2022-12
U0132,2023-01-22,10.0,Bank Transfer,2023-01
U0133,2022-02-11,10.0,Bank Transfer,2022-02
U0134,2022-01-09,30.0,Credit Card,2022-01
U0134,2022-02-09,30.0,Bank Transfer,2022-02
U0134,2022-03-09,30.0,Credit Card,2022-03
U0134,2022-04-09,30.0,Credit Card,2022-04
U0134,2022-05-09,30.0,Bank Transfer,2022-05
U0134,2022-06-09,30.0,Bank Transfer,2022-06
U0135,2022-12-06,10.0,Credit Card,2022-12
U0135,2023-01-06,10.0,PayPal,2023-01
U0135,2023-02-06,10.0,Credit Card,2023-02
U0135,2023-03-06,10.0,PayPal,2023-03
U0135,2023-04-06,10.0,Bank Transfer,2023-04
U0135,2023-05-06,10.0,PayPal,2023-05
U0136,2022-05-26,20.0,Credit Card,2022-05
U0136,2022-06-26,20.0,Bank Transfer,2022-06
U0136,2022-07-26,20.0,Bank Transfer,2022-07
U0136,2022-08-26,20.0,PayPal,2022-08
U0136,2022-09-26,20.0,PayPal,2022-09
U0136,2022-10-26,20.0,Credit Card,2022-10
U0137,2022-05-26,30.0,PayPal,2022-05
U0137,2022-06-26,30.0,Credit Card,2022-06
U0137,2022-07-26,30.0,Bank Transfer,2022-07
U0138,2022-12-18,10.0,Bank Transfer,2022-12
U0138,2023-01-18,10.0,PayPal,2023-01
U0138,2023-02-18,10.0,Bank Transfer,2023-02
U0139,2022-06-14,20.0,Credit Card,2022-06
U0139,2022-07-14,20.0,PayPal,2022-07
U0139,2022-08-14,20.0,Credit Card,2022-08
U0139,2022-09-14,20.0,PayPal,2022-09
U0139,2022-10-14,20.0,Bank Transfer,2022-10
U0139,2022-11-14,20.0,PayPal,2022-11
U0139,2022-12-14,20.0,Bank Transfer,2022-12
U0139,2023-01-14,20.0,Credit Card,2023-01
U0139,2023-02-14,20.0,PayPal,2023-02
U0139,2023-03-14,20.0,PayPal,2023-03
U0139,2023-04-14,20.0,Credit Card,2023-04
U0139,2023-05-14,20.0,Credit Card,2023-05
U0140,2022-06-06,10.0,Credit Card,2022-06
U0140,2022-07-06,10.0,Credit Card,2022-07
U0140,2022-08-06,10.0,PayPal,2022-08
U0140,2022-09-06,10.0,Credit Card,2022-09
U0140,2022-10-06,10.0,Credit Card,2022-10
U0140,2022-11-06,10.0,Credit Card,2022-11
U0140,2022-12-06,10.0,PayPal,2022-12
U0140,2023-01-06,10.0,PayPal,2023-01
U0140,2023-02-06,10.0,Credit Card,2023-02
U0140,2023-03-06,10.0,PayPal,2023-03
U0140,2023-04-06,10.0,Bank Transfer,2023-04
U0140,2023-05-06,10.0,Credit Card,2023-05
U0141,2022-04-14,30.0,PayPal,2022-04
U0141,2022-05-14,30.0,PayPal,2022-05
U0141,2022-06-14,30.0,Bank Transfer,2022-06
U0141,2022-07-14,30.0,PayPal,2022-07
U0141,2022-08-14,30.0,PayPal,2022-08
U0141,2022-09-14,30.0,Credit Card,2022-09
U0142,2022-10-10,30.0,Bank Transfer,2022-10
U0142,2022-11-10,30.0,Bank Transfer,2022-11
U0142,2022-12-10,30.0,Bank Transfer,2022-12
U0142,2023-01-10,30.0,Bank Transfer,2023-01
U0142,2023-02-10,30.0,Bank Transfer,2023-02
U0142,2023-03-10,30.0,Credit Card,2023-03
U0143,2022-06-22,10.0,Credit Card,2022-06
U0143,2022-07-22,10.0,Credit Card,2022-07
U0143,2022-08-22,10.0,PayPal,2022-08
U0143,2022-09-22,10.0,PayPal,2022-09
U0143,2022-10-22,10.0,Bank Transfer,2022-10
U0143,2022-11-22,10.0,PayPal,2022-11
U0143,2022-12-22,10.0,Credit Card,2022-12
U0143,2023-01-22,10.0,Bank Transfer,2023-01
U0143,2023-02-22,10.0,PayPal,2023-02
U0143,2023-03-22,10.0,Bank Transfer,2023-03
U0143,2023-04-22,10.0,Bank Transfer,2023-04
U0143,2023-05-22,10.0,Bank Transfer,2023-05
U0144,2022-09-08,20.0,Bank Transfer,2022-09
U0145,2022-11-02,20.0,Credit Card,2022-11
U0145,2022-12-02,20.0,PayPal,2022-12
U0145,2023-01-02,20.0,Bank Transfer,2023-01
U0146,2022-03-12,20.0,Bank Transfer,2022-03
U0146,2022-04-12,20.0,PayPal,2022-04
U0146,2022-05-12,20.0,PayPal,2022-05
U0146,2022-06-12,20.0,Credit Card,2022-06
U0146,2022-07-12,20.0,Bank Transfer,2022-07
U0146,2022-08-12,20.0,PayPal,2022-08
U0146,2022-09-12,20.0,PayPal,2022-09
U0146,2022-10-12,20.0,PayPal,2022-10
U0146,2022-11-12,20.0,Credit Card,2022-11
U0146,2022-12-12,20.0,Credit Card,2022-12
U0146,2023-01-12,20.0,Credit Card,2023-01
U0146,2023-02-12,20.0,Credit Card,2023-02
U0147,2022-08-25,30.0,Bank Transfer,2022-08
U0147,2022-09-25,30.0,Credit Card,2022-09
U0147,2022-10-25,30.0,PayPal,2022-10
U0147,2022-11-25,30.0,Credit Card,2022-11
U0147,2022-12-25,30.0,Bank Transfer,2022-12
U0147,2023-01-25,30.0,Credit Card,2023-01
U0147,2023-02-25,30.0,PayPal,2023-02
U0147,2023-03-25,30.0,Credit Card,2023-03
U0147,2023-04-25,30.0,Credit Card,2023-04
U0147,2023-05-25,30.0,Credit Card,2023-05
U0147,2023-06-25,30.0,Bank Transfer,2023-06
U0147,2023-07-25,30.0,PayPal,2023-07
U0148,2022-06-20,10.0,PayPal,2022-06
U0148,2022-07-20,10.0,Bank Transfer,2022-07
U0148,2022-08-20,10.0,Credit Card,2022-08
U0148,2022-09-20,10.0,PayPal,2022-09
U0148,2022-10-20,10.0,Bank Transfer,2022-10
U0148,2022-11-20,10.0,Bank Transfer,2022-11
U0148,2022-12-20,10.0,Bank Transfer,2022-12
U0148,2023-01-20,10.0,PayPal,2023-01
U0148,2023-02-20,10.0,Bank Transfer,2023-02
U0148,2023-03-20,10.0,PayPal,2023-03
U0148,2023-04-20,10.0,PayPal,2023-04
U0148,2023-05-20,10.0,Credit Card,2023-05
U0149,2022-08-25,20.0,Bank Transfer,2022-08
U0149,2022-09-25,20.0,Credit Card,2022-09
U0149,2022-10-25,20.0,PayPal,2022-10
U0149,2022-11-25,20.0,Bank Transfer,2022-11
U0149,2022-12-25,20.0,PayPal,2022-12
U0149,2023-01-25,20.0,Credit Card,2023-01
U0150,2022-02-19,30.0,Bank Transfer,2022-02
U0150,2022-03-19,30.0,Bank Transfer,2022-03
U0150,2022-04-19,30.0,PayPal,2022-04
U0150,2022-05-19,30.0,Bank Transfer,2022-05
U0150,2022-06-19,30.0,Credit Card,2022-06
U0150,2022-07-19,30.0,PayPal,2022-07
U0151,2022-05-01,20.0,Credit Card,2022-05
U0151,2022-06-01,20.0,PayPal,2022-06
U0151,2022-07-01,20.0,Credit Card,2022-07
U0151,2022-08-01,20.0,Credit Card,2022-08
U0151,2022-09-01,20.0,Credit Card,2022-09
U0151,2022-10-01,20.0,Bank Transfer,2022-10
U0152,2022-07-01,20.0,Credit Card,2022-07
U0152,2022-08-01,20.0,Credit Card,2022-08
U0152,2022-09-01,20.0,Credit Card,2022-09
U0152,2022-10-01,20.0,Credit Card,2022-10
U0152,2022-11-01,20.0,Bank Transfer,2022-11
U0152,2022-12-01,20.0,PayPal,2022-12
U0153,2022-11-19,30.0,PayPal,2022-11
U0153,2022-12-19,30.0,Credit Card,2022-12
U0153,2023-01-19,30.0,PayPal,2023-01
U0154,2022-10-10,10.0,Bank Transfer,2022-10
U0154,2022-11-10,10.0,Bank Transfer,2022-11
U0154,2022-12-10,10.0,PayPal,2022-12
U0154,2023-01-10,10.0,PayPal,2023-01
U0154,2023-02-10,10.0,Credit Card,2023-02
U0154,2023-03-10,10.0,Credit Card,2023-03
U0154,2023-04-10,10.0,PayPal,2023-04
U0154,2023-05-10,10.0,Bank Transfer,2023-05
U0154,2023-06-10,10.0,Bank Transfer,2023-06
U0154,2023-07-10,10.0,Bank Transfer,2023-07
U0154,2023-08-10,10.0,Credit Card,2023-08
U0154,2023-09-10,10.0,PayPal,2023-09
U0155,2022-04-17,20.0,Credit Card,2022-04
U0155,2022-05-17,20.0,PayPal,2022-05
U0155,2022-06-17,20.0,PayPal,2022-06
U0155,2022-07-17,20.0,Credit Card,2022-07
U0155,2022-08-17,20.0,Credit Card,2022-08
U0155,2022-09-17,20.0,Credit Card,2022-09
U0156,2022-06-24,10.0,PayPal,2022-06
U0156,2022-07-24,10.0,Credit Card,2022-07
U0156,2022-08-24,10.0,Credit Card,2022-08
U0157,2022-07-12,10.0,Credit Card,2022-07
U0157,2022-08-12,10.0,PayPal,2022-08
U0157,2022-09-12,10.0,Bank Transfer,2022-09
U0158,2022-07-02,10.0,PayPal,2022-07
U0159,2022-04-27,30.0,PayPal,2022-04
U0160,2022-05-21,30.0,Credit Card,2022-05
U0160,2022-06-21,30.0,Credit Card,2022-06
U0160,2022-07-21,30.0,Bank Transfer,2022-07
U0160,2022-08-21,30.0,PayPal,2022-08
U0160,2022-09-21,30.0,PayPal,2022-09
U0160,2022-10-21,30.0,Credit Card,2022-10
U0161,2022-10-02,20.0,Credit Card,2022-10
U0161,2022-11-02,20.0,Bank Transfer,2022-11
U0161,2022-12-02,20.0,PayPal,2022-12
U0161,2023-01-02,20.0,PayPal,2023-01
U0161,2023-02-02,20.0,PayPal,2023-02
U0161,2023-03-02,20.0,PayPal,2023-03
U0162,2022-10-21,10.0,Bank Transfer,2022-10
U0162,2022-11-21,10.0,PayPal,2022-11
U0162,2022-12-21,10.0,Bank Transfer,2022-12
U0163,2022-10-15,10.0,PayPal,2022-10
U0164,2022-07-22,30.0,Bank Transfer,2022-07
U0164,2022-08-22,30.0,Credit Card,2022-08
U0164,2022-09-22,30.0,Credit Card,2022-09
U0165,2022-02-06,20.0,Credit Card,2022-02
U0166,2022-08-06,20.0,Bank Transfer,2022-08
U0166,2022-09-06,20.0,PayPal,2022-09
U0166,2022-10-06,20.0,Bank Transfer,2022-10
U0166,2022-11-06,20.0,PayPal,2022-11
U0166,2022-12-06,20.0,Credit Card,2022-12
U0166,2023-01-06,20.0,Bank Transfer,2023-01
U0166,2023-02-06,20.0,PayPal,2023-02
U0166,2023-03-06,20.0,Credit Card,2023-03
U0166,2023-04-06,20.0,PayPal,2023-04
U0166,2023-05-06,20.0,PayPal,2023-05
U0166,2023-06-06,20.0,Bank Transfer,2023-06
U0166,2023-07-06,20.0,Bank Transfer,2023-07
U0167,2022-02-05,20.0,Bank Transfer,2022-02
U0168,2022-06-14,20.0,Credit Card,2022-06
U0169,2022-07-17,10.0,PayPal,2022-07
U0169,2022-08-17,10.0,Bank Transfer,2022-08
U0169,2022-09-17,10.0,PayPal,2022-09
U0169,2022-10-17,10.0,PayPal,2022-10
U0169,2022-11-17,10.0,Credit Card,2022-11
U0169,2022-12-17,10.0,Credit Card,2022-12
U0169,2023-01-17,10.0,PayPal,2023-01
U0169,2023-02-17,10.0,Bank Transfer,2023-02
U0169,2023-03-17,10.0,Bank Transfer,2023-03
U0169,2023-04-17,10.0,Bank Transfer,2023-04
U0169,2023-05-17,10.0,PayPal,2023-05
U0169,2023-06-17,10.0,Bank Transfer,2023-06
U0170,2022-07-16,10.0,Credit Card,2022-07
U0170,2022-08-16,10.0,Credit Card,2022-08
U0170,2022-09-16,10.0,Credit Card,2022-09
U0170,2022-10-16,10.0,Bank Transfer,2022-10
U0170,2022-11-16,10.0,Bank Transfer,2022-11
U0170,2022-12-16,10.0,Credit Card,2022-12
U0171,2022-08-17,30.0,Bank Transfer,2022-08
U0171,2022-09-17,30.0,PayPal,2022-09
U0171,2022-10-17,30.0,Credit Card,2022-10
U0172,2022-03-24,10.0,PayPal,2022-03
U0172,2022-04-24,10.0,PayPal,2022-04
U0172,2022-05-24,10.0,Bank Transfer,2022-05
U0173,2022-11-26,30.0,PayPal,2022-11
U0173,2022-12-26,30.0,Credit Card,2022-12
U0173,2023-01-26,30.0,Bank Transfer,2023-01
U0174,2022-01-05,30.0,PayPal,2022-01
U0174,2022-02-05,30.0,Credit Card,2022-02
U0174,2022-03-05,30.0,Bank Transfer,2022-03
U0174,2022-04-05,30.0,Credit Card,2022-04
U0174,2022-05-05,30.0,Credit Card,2022-05
U0174,2022-06-05,30.0,PayPal,2022-06
U0174,2022-07-05,30.0,Bank Transfer,2022-07
U0174,2022-08-05,30.0,PayPal,2022-08
U0174,2022-09-05,30.0,PayPal,2022-09
U0174,2022-10-05,30.0,Bank Transfer,2022-10
U0174,2022-11-05,30.0,Credit Card,2022-11
U0174,2022-12-05,30.0,PayPal,2022-12
U0175,2022-09-16,30.0,Bank Transfer,2022-09
U0176,2022-03-06,20.0,Credit Card,2022-03
U0177,2022-11-22,30.0,Bank Transfer,2022-11
U0178,2022-12-17,10.0,Credit Card,2022-12
U0179,2022-02-20,10.0,PayPal,2022-02
U0179,2022-03-20,10.0,PayPal,2022-03
U0179,2022-04-20,10.0,Bank Transfer,2022-04
U0179,2022-05-20,10.0,PayPal,2022-05
U0179,2022-06-20,10.0,PayPal,2022-06
U0179,2022-07-20,10.0,Credit Card,2022-07
U0180,2022-12-26,20.0,Bank Transfer,2022-12
U0180,2023-01-26,20.0,Credit Card,2023-01
U0180,2023-02-26,20.0,Credit Card,2023-02
U0181,2022-10-20,20.0,Credit Card,2022-10
U0182,2022-08-13,20.0,Credit Card,2022-08
U0182,2022-09-13,20.0,Bank Transfer,2022-09
U0182,2022-10-13,20.0,PayPal,2022-10
U0182,2022-11-13,20.0,PayPal,2022-11
U0182,2022-12-13,20.0,PayPal,2022-12
U0182,2023-01-13,20.0,PayPal,2023-01
U0183,2022-07-06,10.0,Credit Card,2022-07
U0184,2022-02-07,30.0,Bank Transfer,2022-02
U0184,2022-03-07,30.0,Credit Card,2022-03
U0184,2022-04-07,30.0,PayPal,2022-04
U0185,2022-12-28,10.0,Bank Transfer,2022-12
U0185,2023-01-28,10.0,Credit Card,2023-01
U0185,2023-02-28,10.0,PayPal,2023-02
U0186,2022-04-23,10.0,Credit Card,2022-04
U0186,2022-05-23,10.0,PayPal,2022-05
U0186,2022-06-23,10.0,Bank Transfer,2022-06
U0186,2022-07-23,10.0,Credit Card,2022-07
U0186,2022-08-23,10.0,Credit Card,2022-08
U0186,2022-09-23,10.0,PayPal,2022-09
U0187,2022-06-25,20.0,Credit Card,2022-06
U0187,2022-07-25,20.0,Credit Card,2022-07
U0187,2022-08-25,20.0,PayPal,2022-08
U0187,2022-09-25,20.0,PayPal,2022-09
U0187,2022-10-25,20.0,PayPal,2022-10
U0187,2022-11-25,20.0,PayPal,2022-11
U0188,2022-01-23,10.0,PayPal,2022-01
U0188,2022-02-23,10.0,Credit Card,2022-02
U0188,2022-03-23,10.0,Bank Transfer,2022-03
U0188,2022-04-23,10.0,PayPal,2022-04
U0188,2022-05-23,10.0,PayPal,2022-05
U0188,2022-06-23,10.0,PayPal,2022-06
U0188,2022-07-23,10.0,Credit Card,2022-07
U0188,2022-08-23,10.0,Credit Card,2022-08
U0188,2022-09-23,10.0,Credit Card,2022-09
U0188,2022-10-23,10.0,PayPal,2022-10
U0188,2022-11-23,10.0,Bank Transfer,2022-11
U0188,2022-12-23,10.0,PayPal,2022-12
U0189,2022-04-11,10.0,Credit Card,2022-04
U0189,2022-05-11,10.0,PayPal,2022-05
U0189,2022-06-11,10.0,PayPal,2022-06
U0190,2022-07-21,30.0,Bank Transfer,2022-07
U0190,2022-08-21,30.0,PayPal,2022-08
U0190,2022-09-21,30.0,PayPal,2022-09
U0191,2022-11-05,10.0,Bank Transfer,2022-11
U0192,2022-01-15,10.0,PayPal,2022-01
U0192,2022-02-15,10.0,Bank Transfer,2022-02
U0192,2022-03-15,10.0,Bank Transfer,2022-03
U0192,2022-04-15,10.0,PayPal,2022-04
U0192,2022-05-15,10.0,PayPal,2022-05
U0192,2022-06-15,10.0,PayPal,2022-06
U0193,2022-06-04,20.0,Credit Card,2022-06
U0193,2022-07-04,20.0,Bank Transfer,2022-07
U0193,2022-08-04,20.0,PayPal,2022-08
U0194,2022-05-29,30.0,PayPal,2022-05
U0195,2022-04-28,10.0,Credit Card,2022-04
U0195,2022-05-28,10.0,Bank Transfer,2022-05
U0195,2022-06-28,10.0,Bank Transfer,2022-06
U0195,2022-07-28,10.0,Credit Card,2022-07
U0195,2022-08-28,10.0,Credit Card,2022-08
U0195,2022-09-28,10.0,PayPal,2022-09
U0196,2022-12-22,30.0,PayPal,2022-12
U0197,2022-05-27,10.0,PayPal,2022-05
U0197,2022-06-27,10.0,PayPal,2022-06
U0197,2022-07-27,10.0,Credit Card,2022-07
U0198,2022-12-31,30.0,Credit Card,2022-12
U0198,2023-01-31,30.0,Credit Card,2023-01
U0198,2023-02-28,30.0,Credit Card,2023-02
U0198,2023-03-31,30.0,PayPal,2023-03
U0198,2023-04-30,30.0,PayPal,2023-04
U0198,2023-05-31,30.0,PayPal,2023-05
U0199,2022-08-22,30.0,Bank Transfer,2022-08
U0200,2022-01-11,30.0,Credit Card,2022-01
U0200,2022-02-11,30.0,Credit Card,2022-02
U0200,2022-03-11,30.0,PayPal,2022-03
U0200,2022-04-11,30.0,Bank Transfer,2022-04
U0200,2022-05-11,30.0,Bank Transfer,2022-05
U0200,2022-06-11,30.0,Credit Card,2022-06
U0201,2022-12-14,10.0,Bank Transfer,2022-12
U0201,2023-01-14,10.0,Bank Transfer,2023-01
U0201,2023-02-14,10.0,Credit Card,2023-02
U0202,2022-03-26,20.0,PayPal,2022-03
U0202,2022-04-26,20.0,Credit Card,2022-04
U0202,2022-05-26,20.0,PayPal,2022-05
U0202,2022-06-26,20.0,Credit Card,2022-06
U0202,2022-07-26,20.0,Bank Transfer,2022-07
U0202,2022-08-26,20.0,PayPal,2022-08
U0202,2022-09-26,20.0,Bank Transfer,2022-09
U0202,2022-10-26,20.0,Bank Transfer,2022-10
U0202,2022-11-26,20.0,Bank Transfer,2022-11
U0202,2022-12-26,20.0,Credit Card,2022-12
U0202,2023-01-26,20.0,Bank Transfer,2023-01
U0202,2023-02-26,20.0,PayPal,2023-02
U0203,2022-02-03,20.0,Bank Transfer,2022-02
U0203,2022-03-03,20.0,Credit Card,2022-03
U0203,2022-04-03,20.0,PayPal,2022-04
U0204,2022-01-31,20.0,Credit Card,2022-01
U0204,2022-02-28,20.0,Credit Card,2022-02
U0204,2022-03-31,20.0,Credit Card,2022-03
U0204,2022-04-30,20.0,PayPal,2022-04
U0204,2022-05-31,20.0,Credit Card,2022-05
U0204,2022-06-30,20.0,PayPal,2022-06
U0205,2022-08-15,10.0,Credit Card,2022-08
U0206,2022-02-25,20.0,Credit Card,2022-02
U0206,2022-03-25,20.0,PayPal,2022-03
U0206,2022-04-25,20.0,PayPal,2022-04
U0206,2022-05-25,20.0,PayPal,2022-05
U0206,2022-06-25,20.0,PayPal,2022-06
U0206,2022-07-25,20.0,Credit Card,2022-07
U0207,2022-05-29,10.0,PayPal,2022-05
U0207,2022-06-29,10.0,PayPal,2022-06
U0207,2022-07-29,10.0,Credit Card,2022-07
U0207,2022-08-29,10.0,Credit Card,2022-08
U0207,2022-09-29,10.0,Credit Card,2022-09
U0207,2022-10-29,10.0,Bank Transfer,2022-10
U0207,2022-11-29,10.0,Bank Transfer,2022-11
U0207,2022-12-29,10.0,Credit Card,2022-12
U0207,2023-01-29,10.0,PayPal,2023-01
U0207,2023-02-28,10.0,Bank Transfer,2023-02
U0207,2023-03-29,10.0,Credit Card,2023-03
U0207,2023-04-29,10.0,PayPal,2023-04
U0208,2022-09-05,10.0,PayPal,2022-09
U0208,2022-10-05,10.0,Bank Transfer,2022-10
U0208,2022-11-05,10.0,PayPal,2022-11
U0209,2022-10-15,30.0,Bank Transfer,2022-10
U0209,2022-11-15,30.0,Credit Card,2022-11
U0209,2022-12-15,30.0,Credit Card,2022-12
U0210,2022-01-19,30.0,Credit Card,2022-01
U0210,2022-02-19,30.0,Credit Card,2022-02
U0210,2022-03-19,30.0,Credit Card,2022-03
U0210,2022-04-19,30.0,PayPal,2022-04
U0210,2022-05-19,30.0,PayPal,2022-05
U0210,2022-06-19,30.0,Credit Card,2022-06
U0211,2022-09-25,30.0,PayPal,2022-09
U0211,2022-10-25,30.0,Bank Transfer,2022-10
U0211,2022-11-25,30.0,PayPal,2022-11
U0212,2022-12-23,30.0,PayPal,2022-12
U0212,2023-01-23,30.0,Bank Transfer,2023-01
U0212,2023-02-23,30.0,Credit Card,2023-02
U0212,2023-03-23,30.0,Bank Transfer,2023-03
U0212,2023-04-23,30.0,Bank Transfer,2023-04
U0212,2023-05-23,30.0,Credit Card,2023-05
U0213,2022-06-02,20.0,Credit Card,2022-06
U0213,2022-07-02,20.0,PayPal,2022-07
U0213,2022-08-02,20.0,PayPal,2022-08
U0214,2022-04-01,20.0,Bank Transfer,2022-04
U0214,2022-05-01,20.0,Credit Card,2022-05
U0214,2022-06-01,20.0,Bank Transfer,2022-06
U0214,2022-07-01,20.0,Bank Transfer,2022-07
U0214,2022-08-01,20.0,Credit Card,2022-08
U0214,2022-09-01,20.0,Credit Card,2022-09
U0214,2022-10-01,20.0,PayPal,2022-10
U0214,2022-11-01,20.0,Bank Transfer,2022-11
U0214,2022-12-01,20.0,PayPal,2022-12
U0214,2023-01-01,20.0,PayPal,2023-01
U0214,2023-02-01,20.0,Bank Transfer,2023-02
U0214,2023-03-01,20.0,Credit Card,2023-03
U0215,2022-06-23,30.0,PayPal,2022-06
U0215,2022-07-23,30.0,Credit Card,2022-07
U0215,2022-08-23,30.0,PayPal,2022-08
U0215,2022-09-23,30.0,Credit Card,2022-09
U0215,2022-10-23,30.0,Bank Transfer,2022-10
U0215,2022-11-23,30.0,PayPal,2022-11
U0216,2022-07-22,20.0,Bank Transfer,2022-07
U0216,2022-08-22,20.0,Credit Card,2022-08
U0216,2022-09-22,20.0,Credit Card,2022-09
U0216,2022-10-22,20.0,Credit Card,2022-10
U0216,2022-11-22,20.0,Credit Card,2022-11
U0216,2022-12-22,20.0,Credit Card,2022-12
U0216,2023-01-22,20.0,Credit Card,2023-01
U0216,2023-02-22,20.0,Bank Transfer,2023-02
U0216,2023-03-22,20.0,Bank Transfer,2023-03
U0216,2023-04-22,20.0,Credit Card,2023-04
U0216,2023-05-22,20.0,PayPal,2023-05
U0216,2023-06-22,20.0,PayPal,2023-06
U0217,2022-11-22,30.0,Credit Card,2022-11
U0218,2022-06-15,30.0,Credit Card,2022-06
U0218,2022-07-15,30.0,Credit Card,2022-07
U0218,2022-08-15,30.0,Bank Transfer,2022-08
U0218,2022-09-15,30.0,Bank Transfer,2022-09
U0218,2022-10-15,30.0,Credit Card,2022-10
U0218,2022-11-15,30.0,PayPal,2022-11
U0218,2022-12-15,30.0,PayPal,2022-12
U0218,2023-01-15,30.0,Bank Transfer,2023-01
U0218,2023-02-15,30.0,PayPal,2023-02
U0218,2023-03-15,30.0,Bank Transfer,2023-03
U0218,2023-04-15,30.0,PayPal,2023-04
U0218,2023-05-15,30.0,Credit Card,2023-05
U0219,2022-11-24,30.0,Credit Card,2022-11
U0220,2022-03-06,10.0,Bank Transfer,2022-03
U0220,2022-04-06,10.0,PayPal,2022-04
U0220,2022-05-06,10.0,Bank Transfer,2022-05
U0220,2022-06-06,10.0,Bank Transfer,2022-06
U0220,2022-07-06,10.0,Bank Transfer,2022-07
U0220,2022-08-06,10.0,Bank Transfer,2022-08
U0220,2022-09-06,10.0,Credit Card,2022-09
U0220,2022-10-06,10.0,Credit Card,2022-10
U0220,2022-11-06,10.0,Credit Card,2022-11
U0220,2022-12-06,10.0,PayPal,2022-12
U0220,2023-01-06,10.0,Credit Card,2023-01
U0220,2023-02-06,10.0,PayPal,2023-02
U0221,2022-06-29,10.0,Credit Card,2022-06
U0221,2022-07-29,10.0,Bank Transfer,2022-07
U0221,2022-08-29,10.0,PayPal,2022-08
U0221,2022-09-29,10.0,Credit Card,2022-09
U0221,2022-10-29,10.0,Credit Card,2022-10
U0221,2022-11-29,10.0,Bank Transfer,2022-11
U0221,2022-12-29,10.0,Bank Transfer,2022-12
U0221,2023-01-29,10.0,Bank Transfer,2023-01
U0221,2023-02-28,10.0,Bank Transfer,2023-02
U0221,2023-03-29,10.0,PayPal,2023-03
U0221,2023-04-29,10.0,PayPal,2023-04
U0221,2023-05-29,10.0,PayPal,2023-05
U0222,2022-10-19,20.0,PayPal,2022-10
U0222,2022-11-19,20.0,PayPal,2022-11
U0222,2022-12-19,20.0,Credit Card,2022-12
U0223,2022-10-24,10.0,Credit Card,2022-10
U0223,2022-11-24,10.0,Credit Card,2022-11
U0223,2022-12-24,10.0,Bank Transfer,2022-12
U0223,2023-01-24,10.0,Credit Card,2023-01
U0223,2023-02-24,10.0,Bank Transfer,2023-02
U0223,2023-03-24,10.0,PayPal,2023-03
U0224,2022-02-02,30.0,Credit Card,2022-02
U0224,2022-03-02,30.0,Bank Transfer,2022-03
U0224,2022-04-02,30.0,Bank Transfer,2022-04
U0224,2022-05-02,30.0,PayPal,2022-05
U0224,2022-06-02,30.0,Bank Transfer,2022-06
U0224,2022-07-02,30.0,Credit Card,2022-07
U0224,2022-08-02,30.0,PayPal,2022-08
U0224,2022-09-02,30.0,PayPal,2022-09
U0224,2022-10-02,30.0,Bank Transfer,2022-10
U0224,2022-11-02,30.0,Credit Card,2022-11
U0224,2022-12-02,30.0,Bank Transfer,2022-12
U0224,2023-01-02,30.0,Bank Transfer,2023-01
U0225,2022-04-23,30.0,Bank Transfer,2022-04
U0225,2022-05-23,30.0,PayPal,2022-05
U0225,2022-06-23,30.0,Bank Transfer,2022-06
U0225,2022-07-23,30.0,Bank Transfer,2022-07
U0225,2022-08-23,30.0,Bank Transfer,2022-08
U0225,2022-09-23,30.0,PayPal,2022-09
U0226,2022-03-23,10.0,PayPal,2022-03
U0226,2022-04-23,10.0,Credit Card,2022-04
U0226,2022-05-23,10.0,PayPal,2022-05
U0227,2022-05-16,20.0,Credit Card,2022-05
U0227,2022-06-16,20.0,Bank Transfer,2022-06
U0227,2022-07-16,20.0,Bank Transfer,2022-07
U0227,2022-08-16,20.0,PayPal,2022-08
U0227,2022-09-16,20.0,Bank Transfer,2022-09
U0227,2022-10-16,20.0,Credit Card,2022-10
U0228,2022-12-23,30.0,Credit Card,2022-12
U0229,2022-09-19,20.0,PayPal,2022-09
U0230,2022-08-31,20.0,PayPal,2022-08
U0230,2022-09-30,20.0,Credit Card,2022-09
U0230,2022-10-31,20.0,Bank Transfer,2022-10
U0230,2022-11-30,20.0,Credit Card,2022-11
U0230,2022-12-31,20.0,PayPal,2022-12
U0230,2023-01-31,20.0,Credit Card,2023-01
U0230,2023-02-28,20.0,Credit Card,2023-02
U0230,2023-03-31,20.0,PayPal,2023-03
U0230,2023-04-30,20.0,PayPal,2023-04
U0230,2023-05-31,20.0,Bank Transfer,2023-05
U0230,2023-06-30,20.0,Credit Card,2023-06
U0230,2023-07-31,20.0,Bank Transfer,2023-07
U0231,2022-10-18,20.0,Bank Transfer,2022-10
U0231,2022-11-18,20.0,Bank Transfer,2022-11
U0231,2022-12-18,20.0,Bank Transfer,2022-12
U0231,2023-01-18,20.0,Bank Transfer,2023-01
U0231,2023-02-18,20.0,PayPal,2023-02
U0231,2023-03-18,20.0,Credit Card,2023-03
U0231,2023-04-18,20.0,PayPal,2023-04
U0231,2023-05-18,20.0,PayPal,2023-05
U0231,2023-06-18,20.0,Bank Transfer,2023-06
U0231,2023-07-18,20.0,PayPal,2023-07
U0231,2023-08-18,20.0,Bank Transfer,2023-08
U0231,2023-09-18,20.0,Credit Card,2023-09
U0232,2022-07-25,20.0,Credit Card,2022-07
U0232,2022-08-25,20.0,Bank Transfer,2022-08
U0232,2022-09-25,20.0,Bank Transfer,2022-09
U0232,2022-10-25,20.0,PayPal,2022-10
U0232,2022-11-25,20.0,Credit Card,2022-11
U0232,2022-12-25,20.0,Bank Transfer,2022-12
U0232,2023-01-25,20.0,Credit Card,2023-01
U0232,2023-02-25,20.0,Credit Card,2023-02
U0232,2023-03-25,20.0,Bank Transfer,2023-03
U0232,2023-04-25,20.0,Credit Card,2023-04
U0232,2023-05-25,20.0,Bank Transfer,2023-05
U0232,2023-06-25,20.0,Bank Transfer,2023-06
U0233,2022-06-20,10.0,Bank Transfer,2022-06
U0233,2022-07-20,10.0,Credit Card,2022-07
U0233,2022-08-20,10.0,PayPal,2022-08
U0234,2022-07-09,30.0,Bank Transfer,2022-07
U0234,2022-08-09,30.0,PayPal,2022-08
U0234,2022-09-09,30.0,PayPal,2022-09
U0234,2022-10-09,30.0,Bank Transfer,2022-10
U0234,2022-11-09,30.0,PayPal,2022-11
U0234,2022-12-09,30.0,Bank Transfer,2022-12
U0234,2023-01-09,30.0,Bank Transfer,2023-01
U0234,2023-02-09,30.0,PayPal,2023-02
U0234,2023-03-09,30.0,PayPal,2023-03
U0234,2023-04-09,30.0,PayPal,2023-04
U0234,2023-05-09,30.0,PayPal,2023-05
U0234,2023-06-09,30.0,Credit Card,2023-06
U0235,2022-05-30,10.0,Bank Transfer,2022-05
U0236,2022-05-29,20.0,Credit Card,2022-05
U0236,2022-06-29,20.0,PayPal,2022-06
U0236,2022-07-29,20.0,Credit Card,2022-07
U0237,2022-01-05,30.0,PayPal,2022-01
U0237,2022-02-05,30.0,Credit Card,2022-02
U0237,2022-03-05,30.0,PayPal,2022-03
U0237,2022-04-05,30.0,PayPal,2022-04
U0237,2022-05-05,30.0,Bank Transfer,2022-05
U0237,2022-06-05,30.0,Bank Transfer,2022-06
U0238,2022-10-05,20.0,PayPal,2022-10
U0239,2022-02-04,20.0,Credit Card,2022-02
U0239,2022-03-04,20.0,Bank Transfer,2022-03
U0239,2022-04-04,20.0,PayPal,2022-04
U0239,2022-05-04,20.0,Bank Transfer,2022-05
U0239,2022-06-04,20.0,Credit Card,2022-06
U0239,2022-07-04,20.0,Credit Card,2022-07
U0240,2022-10-26,20.0,Bank Transfer,2022-10
U0241,2022-10-16,20.0,Credit Card,2022-10
U0241,2022-11-16,20.0,Credit Card,2022-11
U0241,2022-12-16,20.0,Bank Transfer,2022-12
U0242,2022-05-16,30.0,PayPal,2022-05
U0242,2022-06-16,30.0,Credit Card,2022-06
U0242,2022-07-16,30.0,PayPal,2022-07
U0243,2022-03-19,10.0,PayPal,2022-03
U0243,2022-04-19,10.0,PayPal,2022-04
U0243,2022-05-19,10.0,Credit Card,2022-05
U0243,2022-06-19,10.0,PayPal,2022-06
U0243,2022-07-19,10.0,Credit Card,2022-07
U0243,2022-08-19,10.0,Credit Card,2022-08
U0243,2022-09-19,10.0,Bank Transfer,2022-09
U0243,2022-10-19,10.0,Bank Transfer,2022-10
U0243,2022-11-19,10.0,PayPal,2022-11
U0243,2022-12-19,10.0,Bank Transfer,2022-12
U0243,2023-01-19,10.0,Bank Transfer,2023-01
U0243,2023-02-19,10.0,PayPal,2023-02
U0244,2022-03-15,20.0,Bank Transfer,2022-03
U0244,2022-04-15,20.0,Credit Card,2022-04
U0244,2022-05-15,20.0,PayPal,2022-05
U0245,2022-01-21,30.0,Bank Transfer,2022-01
U0245,2022-02-21,30.0,Bank Transfer,2022-02
U0245,2022-03-21,30.0,Bank Transfer,2022-03
U0246,2022-07-21,30.0,PayPal,2022-07
U0246,2022-08-21,30.0,Credit Card,2022-08
U0246,2022-09-21,30.0,Credit Card,2022-09
U0246,2022-10-21,30.0,Credit Card,2022-10
U0246,2022-11-21,30.0,PayPal,2022-11
U0246,2022-12-21,30.0,PayPal,2022-12
U0247,2022-01-23,10.0,Credit Card,2022-01
U0247,2022-02-23,10.0,PayPal,2022-02
U0247,2022-03-23,10.0,PayPal,2022-03
U0247,2022-04-23,10.0,PayPal,2022-04
U0247,2022-05-23,10.0,Bank Transfer,2022-05
U0247,2022-06-23,10.0,PayPal,2022-06
U0248,2022-12-12,20.0,Bank Transfer,2022-12
U0248,2023-01-12,20.0,PayPal,2023-01
U0248,2023-02-12,20.0,PayPal,2023-02
U0248,2023-03-12,20.0,Credit Card,2023-03
U0248,2023-04-12,20.0,Credit Card,2023-04
U0248,2023-05-12,20.0,Bank Transfer,2023-05
U0249,2022-04-27,20.0,Bank Transfer,2022-04
U0249,2022-05-27,20.0,Credit Card,2022-05
U0249,2022-06-27,20.0,Bank Transfer,2022-06
U0250,2022-11-22,30.0,Credit Card,2022-11
U0251,2022-01-20,20.0,PayPal,2022-01
U0251,2022-02-20,20.0,Bank Transfer,2022-02
U0251,2022-03-20,20.0,Credit Card,2022-03
U0251,2022-04-20,20.0,PayPal,2022-04
U0251,2022-05-20,20.0,PayPal,2022-05
U0251,2022-06-20,20.0,Bank Transfer,2022-06
U0251,2022-07-20,20.0,Credit Card,2022-07
U0251,2022-08-20,20.0,Credit Card,2022-08
U0251,2022-09-20,20.0,Bank Transfer,2022-09
U0251,2022-10-20,20.0,PayPal,2022-10
U0251,2022-11-20,20.0,Bank Transfer,2022-11
U0251,2022-12-20,20.0,Bank Transfer,2022-12
U0252,2022-03-31,10.0,Bank Transfer,2022-03
U0253,2022-08-16,10.0,Credit Card,2022-08
U0253,2022-09-16,10.0,Bank Transfer,2022-09
U0253,2022-10-16,10.0,Bank Transfer,2022-10
U0253,2022-11-16,10.0,Bank Transfer,2022-11
U0253,2022-12-16,10.0,Bank Transfer,2022-12
U0253,2023-01-16,10.0,Credit Card,2023-01
U0254,2022-09-30,20.0,PayPal,2022-09
U0254,2022-10-30,20.0,Credit Card,2022-10
U0254,2022-11-30,20.0,Credit Card,2022-11
U0254,2022-12-30,20.0,Credit Card,2022-12
U0254,2023-01-30,20.0,Bank Transfer,2023-01
U0254,2023-02-28,20.0,PayPal,2023-02
U0255,2022-07-30,20.0,Credit Card,2022-07
U0255,2022-08-30,20.0,Bank Transfer,2022-08
U0255,2022-09-30,20.0,PayPal,2022-09
U0255,2022-10-30,20.0,Credit Card,2022-10
U0255,2022-11-30,20.0,Bank Transfer,2022-11
U0255,2022-12-30,20.0,Bank Transfer,2022-12
U0255,2023-01-30,20.0,Bank Transfer,2023-01
U0255,2023-02-28,20.0,PayPal,2023-02
U0255,2023-03-30,20.0,PayPal,2023-03
U0255,2023-04-30,20.0,Credit Card,2023-04
U0255,2023-05-30,20.0,Credit Card,2023-05
U0255,2023-06-30,20.0,Bank Transfer,2023-06
U0256,2022-08-31,10.0,Credit Card,2022-08
U0257,2022-06-28,10.0,PayPal,2022-06
U0257,2022-07-28,10.0,Bank Transfer,2022-07
U0257,2022-08-28,10.0,Credit Card,2022-08
U0258,2022-05-08,20.0,PayPal,2022-05
U0258,2022-06-08,20.0,PayPal,2022-06
U0258,2022-07-08,20.0,PayPal,2022-07
U0259,2022-09-30,20.0,Credit Card,2022-09
U0259,2022-10-30,20.0,Credit Card,2022-10
U0259,2022-11-30,20.0,Credit Card,2022-11
U0259,2022-12-30,20.0,Credit Card,2022-12
U0259,2023-01-30,20.0,Credit Card,2023-01
U0259,2023-02-28,20.0,PayPal,2023-02
U0260,2022-03-15,10.0,Credit Card,2022-03
U0260,2022-04-15,10.0,PayPal,2022-04
U0260,2022-05-15,10.0,Credit Card,2022-05
U0260,2022-06-15,10.0,PayPal,2022-06
U0260,2022-07-15,10.0,Credit Card,2022-07
U0260,2022-08-15,10.0,Bank Transfer,2022-08
U0260,2022-09-15,10.0,Bank Transfer,2022-09
U0260,2022-10-15,10.0,Credit Card,2022-10
U0260,2022-11-15,10.0,Bank Transfer,2022-11
U0260,2022-12-15,10.0,Bank Transfer,2022-12
U0260,2023-01-15,10.0,Credit Card,2023-01
U0260,2023-02-15,10.0,PayPal,2023-02
U0261,2022-02-05,10.0,Credit Card,2022-02
U0261,2022-03-05,10.0,Credit Card,2022-03
U0261,2022-04-05,10.0,Credit Card,2022-04
U0261,2022-05-05,10.0,Credit Card,2022-05
U0261,2022-06-05,10.0,PayPal,2022-06
U0261,2022-07-05,10.0,PayPal,2022-07
U0261,2022-08-05,10.0,Credit Card,2022-08
U0261,2022-09-05,10.0,Bank Transfer,2022-09
U0261,2022-10-05,10.0,Credit Card,2022-10
U0261,2022-11-05,10.0,PayPal,2022-11
U0261,2022-12-05,10.0,Bank Transfer,2022-12
U0261,2023-01-05,10.0,Bank Transfer,2023-01
U0262,2022-03-15,20.0,Credit Card,2022-03
U0262,2022-04-15,20.0,Credit Card,2022-04
U0262,2022-05-15,20.0,Bank Transfer,2022-05
U0262,2022-06-15,20.0,Credit Card,2022-06
U0262,2022-07-15,20.0,Bank Transfer,2022-07
U0262,2022-08-15,20.0,Credit Card,2022-08
U0262,2022-09-15,20.0,PayPal,2022-09
U0262,2022-10-15,20.0,Credit Card,2022-10
U0262,2022-11-15,20.0,Bank Transfer,2022-11
U0262,2022-12-15,20.0,Bank Transfer,2022-12
U0262,2023-01-15,20.0,Bank Transfer,2023-01
U0262,2023-02-15,20.0,Credit Card,2023-02
U0263,2022-01-25,20.0,PayPal,2022-01
U0264,2022-05-02,20.0,Bank Transfer,2022-05
U0264,2022-06-02,20.0,Bank Transfer,2022-06
U0264,2022-07-02,20.0,Credit Card,2022-07
U0265,2022-06-30,30.0,Bank Transfer,2022-06
U0265,2022-07-30,30.0,PayPal,2022-07
U0265,2022-08-30,30.0,Credit Card,2022-08
U0265,2022-09-30,30.0,Credit Card,2022-09
U0265,2022-10-30,30.0,Credit Card,2022-10
U0265,2022-11-30,30.0,Credit Card,2022-11
U0266,2022-09-23,30.0,Credit Card,2022-09
U0266,2022-10-23,30.0,PayPal,2022-10
U0266,2022-11-23,30.0,Credit Card,2022-11
U0266,2022-12-23,30.0,Bank Transfer,2022-12
U0266,2023-01-23,30.0,PayPal,2023-01
U0266,2023-02-23,30.0,PayPal,2023-02
U0267,2022-02-13,30.0,Bank Transfer,2022-02
U0267,2022-03-13,30.0,Credit Card,2022-03
U0267,2022-04-13,30.0,Bank Transfer,2022-04
U0267,2022-05-13,30.0,Bank Transfer,2022-05
U0267,2022-06-13,30.0,Bank Transfer,2022-06
U0267,2022-07-13,30.0,Bank Transfer,2022-07
U0268,2022-12-01,30.0,Credit Card,2022-12
U0269,2022-07-07,30.0,PayPal,2022-07
U0269,2022-08-07,30.0,Credit Card,2022-08
U0269,2022-09-07,30.0,Bank Transfer,2022-09
U0270,2022-11-06,30.0,Credit Card,2022-11
U0270,2022-12-06,30.0,Credit Card,2022-12
U0270,2023-01-06,30.0,Credit Card,2023-01
U0270,2023-02-06,30.0,Bank Transfer,2023-02
U0270,2023-03-06,30.0,PayPal,2023-03
U0270,2023-04-06,30.0,Credit Card,2023-04
U0270,2023-05-06,30.0,Credit Card,2023-05
U0270,2023-06-06,30.0,Credit Card,2023-06
U0270,2023-07-06,30.0,PayPal,2023-07
U0270,2023-08-06,30.0,Credit Card,2023-08
U0270,2023-09-06,30.0,Credit Card,2023-09
U0270,2023-10-06,30.0,Credit Card,2023-10
U0271,2022-07-12,10.0,Bank Transfer,2022-07
U0271,2022-08-12,10.0,Bank Transfer,2022-08
U0271,2022-09-12,10.0,Bank Transfer,2022-09
U0272,2022-09-27,20.0,Credit Card,2022-09
U0272,2022-10-27,20.0,Credit Card,2022-10
U0272,2022-11-27,20.0,Credit Card,2022-11
U0272,2022-12-27,20.0,Bank Transfer,2022-12
U0272,2023-01-27,20.0,Bank Transfer,2023-01
U0272,2023-02-27,20.0,Credit Card,2023-02
U0273,2022-03-12,10.0,Credit Card,2022-03
U0274,2022-10-18,30.0,PayPal,2022-10
U0274,2022-11-18,30.0,Credit Card,2022-11
U0274,2022-12-18,30.0,Credit Card,2022-12
U0274,2023-01-18,30.0,Bank Transfer,2023-01
U0274,2023-02-18,30.0,PayPal,2023-02
U0274,2023-03-18,30.0,Bank Transfer,2023-03
U0274,2023-04-18,30.0,Bank Transfer,2023-04
U0274,2023-05-18,30.0,Bank Transfer,2023-05
U0274,2023-06-18,30.0,PayPal,2023-06
U0274,2023-07-18,30.0,Bank Transfer,2023-07
U0274,2023-08-18,30.0,PayPal,2023-08
U0274,2023-09-18,30.0,Credit Card,2023-09
U0275,2022-06-09,10.0,Credit Card,2022-06
U0275,2022-07-09,10.0,PayPal,2022-07
U0275,2022-08-09,10.0,Bank Transfer,2022-08
U0275,2022-09-09,10.0,PayPal,2022-09
U0275,2022-10-09,10.0,Bank Transfer,2022-10
U0275,2022-11-09,10.0,Credit Card,2022-11
U0276,2022-10-05,20.0,Credit Card,2022-10
U0276,2022-11-05,20.0,Bank Transfer,2022-11
U0276,2022-12-05,20.0,Credit Card,2022-12
U0276,2023-01-05,20.0,Bank Transfer,2023-01
U0276,2023-02-05,20.0,Bank Transfer,2023-02
U0276,2023-03-05,20.0,Bank Transfer,2023-03
U0276,2023-04-05,20.0,Credit Card,2023-04
U0276,2023-05-05,20.0,Credit Card,2023-05
U0276,2023-06-05,20.0,Bank Transfer,2023-06
U0276,2023-07-05,20.0,PayPal,2023-07
U0276,2023-08-05,20.0,PayPal,2023-08
U0276,2023-09-05,20.0,PayPal,2023-09
U0277,2022-12-06,30.0,PayPal,2022-12
U0277,2023-01-06,30.0,Bank Transfer,2023-01
U0277,2023-02-06,30.0,PayPal,2023-02
U0277,2023-03-06,30.0,PayPal,2023-03
U0277,2023-04-06,30.0,Credit Card,2023-04
U0277,2023-05-06,30.0,Credit Card,2023-05
U0277,2023-06-06,30.0,PayPal,2023-06
U0277,2023-07-06,30.0,PayPal,2023-07
U0277,2023-08-06,30.0,PayPal,2023-08
U0277,2023-09-06,30.0,PayPal,2023-09
U0277,2023-10-06,30.0,PayPal,2023-10
U0277,2023-11-06,30.0,Bank Transfer,2023-11
U0278,2022-09-03,30.0,PayPal,2022-09
U0278,2022-10-03,30.0,Credit Card,2022-10
U0278,2022-11-03,30.0,PayPal,2022-11
U0278,2022-12-03,30.0,PayPal,2022-12
U0278,2023-01-03,30.0,Credit Card,2023-01
U0278,2023-02-03,30.0,PayPal,2023-02
U0279,2022-07-31,10.0,PayPal,2022-07
U0279,2022-08-31,10.0,Bank Transfer,2022-08
U0279,2022-09-30,10.0,Credit Card,2022-09
U0279,2022-10-31,10.0,Credit Card,2022-10
U0279,2022-11-30,10.0,Bank Transfer,2022-11
U0279,2022-12-31,10.0,Credit Card,2022-12
U0279,2023-01-31,10.0,Bank Transfer,2023-01
U0279,2023-02-28,10.0,Credit Card,2023-02
U0279,2023-03-31,10.0,Credit Card,2023-03
U0279,2023-04-30,10.0,Credit Card,2023-04
U0279,2023-05-31,10.0,PayPal,2023-05
U0279,2023-06-30,10.0,Credit Card,2023-06
U0280,2022-04-23,10.0,Bank Transfer,2022-04
U0280,2022-05-23,10.0,Credit Card,2022-05
U0280,2022-06-23,10.0,PayPal,2022-06
U0280,2022-07-23,10.0,Credit Card,2022-07
U0280,2022-08-23,10.0,PayPal,2022-08
U0280,2022-09-23,10.0,Credit Card,2022-09
U0281,2022-12-14,10.0,Credit Card,2022-12
U0281,2023-01-14,10.0,Credit Card,2023-01
U0281,2023-02-14,10.0,PayPal,2023-02
U0282,2022-11-15,20.0,Credit Card,2022-11
U0282,2022-12-15,20.0,Credit Card,2022-12
U0282,2023-01-15,20.0,Credit Card,2023-01
U0283,2022-11-16,10.0,Bank Transfer,2022-11
U0283,2022-12-16,10.0,PayPal,2022-12
U0283,2023-01-16,10.0,Credit Card,2023-01
U0284,2022-12-21,30.0,PayPal,2022-12
U0284,2023-01-21,30.0,Credit Card,2023-01
U0284,2023-02-21,30.0,Bank Transfer,2023-02
U0284,2023-03-21,30.0,Credit Card,2023-03
U0284,2023-04-21,30.0,PayPal,2023-04
U0284,2023-05-21,30.0,PayPal,2023-05
U0285,2022-06-20,20.0,Bank Transfer,2022-06
U0285,2022-07-20,20.0,PayPal,2022-07
U0285,2022-08-20,20.0,Bank Transfer,2022-08
U0286,2022-10-21,10.0,Credit Card,2022-10
U0287,2022-08-21,20.0,Bank Transfer,2022-08
U0287,2022-09-21,20.0,Bank Transfer,2022-09
U0287,2022-10-21,20.0,Bank Transfer,2022-10
U0288,2022-06-09,30.0,PayPal,2022-06
U0289,2022-01-30,30.0,Credit Card,2022-01
U0289,2022-02-28,30.0,Credit Card,2022-02
U0289,2022-03-30,30.0,Bank Transfer,2022-03
U0289,2022-04-30,30.0,Bank Transfer,2022-04
U0289,2022-05-30,30.0,Bank Transfer,2022-05
U0289,2022-06-30,30.0,PayPal,2022-06
U0289,2022-07-30,30.0,Bank Transfer,2022-07
U0289,2022-08-30,30.0,Bank Transfer,2022-08
U0289,2022-09-30,30.0,Credit Card,2022-09
U0289,2022-10-30,30.0,Bank Transfer,2022-10
U0289,2022-11-30,30.0,Credit Card,2022-11
U0289,2022-12-30,30.0,Bank Transfer,2022-12
U0290,2022-11-27,20.0,PayPal,2022-11
U0290,2022-12-27,20.0,PayPal,2022-12
U0290,2023-01-27,20.0,Bank Transfer,2023-01
U0291,2022-12-11,30.0,PayPal,2022-12
U0291,2023-01-11,30.0,Credit Card,2023-01
U0291,2023-02-11,30.0,Bank Transfer,2023-02
U0292,2022-09-18,10.0,Credit Card,2022-09
U0292,2022-10-18,10.0,Bank Transfer,2022-10
U0292,2022-11-18,10.0,Bank Transfer,2022-11
U0292,2022-12-18,10.0,Credit Card,2022-12
U0292,2023-01-18,10.0,Credit Card,2023-01
U0292,2023-02-18,10.0,PayPal,2023-02
U0292,2023-03-18,10.0,PayPal,2023-03
U0292,2023-04-18,10.0,PayPal,2023-04
U0292,2023-05-18,10.0,PayPal,2023-05
U0292,2023-06-18,10.0,Bank Transfer,2023-06
U0292,2023-07-18,10.0,Bank Transfer,2023-07
U0292,2023-08-18,10.0,Bank Transfer,2023-08
U0293,2022-05-02,30.0,PayPal,2022-05
U0293,2022-06-02,30.0,Bank Transfer,2022-06
U0293,2022-07-02,30.0,PayPal,2022-07
U0293,2022-08-02,30.0,Bank Transfer,2022-08
U0293,2022-09-02,30.0,Credit Card,2022-09
U0293,2022-10-02,30.0,Bank Transfer,2022-10
U0293,2022-11-02,30.0,Credit Card,2022-11
U0293,2022-12-02,30.0,Bank Transfer,2022-12
U0293,2023-01-02,30.0,Bank Transfer,2023-01
U0293,2023-02-02,30.0,PayPal,2023-02
U0293,2023-03-02,30.0,PayPal,2023-03
U0293,2023-04-02,30.0,Bank Transfer,2023-04
U0294,2022-11-25,20.0,Bank Transfer,2022-11
U0294,2022-12-25,20.0,PayPal,2022-12
U0294,2023-01-25,20.0,PayPal,2023-01
U0295,2022-02-03,10.0,Bank Transfer,2022-02
U0295,2022-03-03,10.0,Bank Transfer,2022-03
U0295,2022-04-03,10.0,Bank Transfer,2022-04
U0296,2022-08-15,20.0,Bank Transfer,2022-08
U0296,2022-09-15,20.0,PayPal,2022-09
U0296,2022-10-15,20.0,Bank Transfer,2022-10
U0296,2022-11-15,20.0,Credit Card,2022-11
U0296,2022-12-15,20.0,Credit Card,2022-12
U0296,2023-01-15,20.0,Credit Card,2023-01
U0296,2023-02-15,20.0,Bank Transfer,2023-02
U0296,2023-03-15,20.0,Credit Card,2023-03
U0296,2023-04-15,20.0,PayPal,2023-04
U0296,2023-05-15,20.0,Credit Card,2023-05
U0296,2023-06-15,20.0,Bank Transfer,2023-06
U0296,2023-07-15,20.0,Credit Card,2023-07
U0297,2022-02-08,30.0,PayPal,2022-02
U0298,2022-07-19,20.0,Credit Card,2022-07
U0298,2022-08-19,20.0,Credit Card,2022-08
U0298,2022-09-19,20.0,Credit Card,2022-09
U0298,2022-10-19,20.0,Credit Card,2022-10
U0298,2022-11-19,20.0,PayPal,2022-11
U0298,2022-12-19,20.0,PayPal,2022-12
U0299,2022-07-18,10.0,PayPal,2022-07
U0299,2022-08-18,10.0,PayPal,2022-08
U0299,2022-09-18,10.0,Credit Card,2022-09
U0300,2022-01-27,20.0,Bank Transfer,2022-01
U0300,2022-02-27,20.0,Bank Transfer,2022-02
U0300,2022-03-27,20.0,Credit Card,2022-03
U0300,2022-04-27,20.0,Credit Card,2022-04
U0300,2022-05-27,20.0,Credit Card,2022-05
U0300,2022-06-27,20.0,Credit Card,2022-06
U0301,2022-03-29,30.0,PayPal,2022-03
U0302,2022-05-31,30.0,Bank Transfer,2022-05
U0302,2022-06-30,30.0,Bank Transfer,2022-06
U0302,2022-07-31,30.0,Bank Transfer,2022-07
U0303,2022-02-09,10.0,Credit Card,2022-02
U0303,2022-03-09,10.0,Bank Transfer,2022-03
U0303,2022-04-09,10.0,Credit Card,2022-04
U0304,2022-06-12,20.0,Credit Card,2022-06
U0305,2022-04-17,30.0,Credit Card,2022-04
U0305,2022-05-17,30.0,Bank Transfer,2022-05
U0305,2022-06-17,30.0,PayPal,2022-06
U0305,2022-07-17,30.0,Credit Card,2022-07
U0305,2022-08-17,30.0,Bank Transfer,2022-08
U0305,2022-09-17,30.0,Credit Card,2022-09
U0305,2022-10-17,30.0,Credit Card,2022-10
U0305,2022-11-17,30.0,Bank Transfer,2022-11
U0305,2022-12-17,30.0,Bank Transfer,2022-12
U0305,2023-01-17,30.0,PayPal,2023-01
U0305,2023-02-17,30.0,Bank Transfer,2023-02
U0305,2023-03-17,30.0,PayPal,2023-03
U0306,2022-11-14,20.0,PayPal,2022-11
U0307,2022-07-25,10.0,Credit Card,2022-07
U0307,2022-08-25,10.0,Credit Card,2022-08
U0307,2022-09-25,10.0,Credit Card,2022-09
U0307,2022-10-25,10.0,PayPal,2022-10
U0307,2022-11-25,10.0,Credit Card,2022-11
U0307,2022-12-25,10.0,PayPal,2022-12
U0308,2022-04-08,30.0,PayPal,2022-04
U0308,2022-05-08,30.0,PayPal,2022-05
U0308,2022-06-08,30.0,Bank Transfer,2022-06
U0309,2022-01-12,10.0,Bank Transfer,2022-01
U0309,2022-02-12,10.0,Bank Transfer,2022-02
U0309,2022-03-12,10.0,PayPal,2022-03
U0310,2022-07-16,20.0,Bank Transfer,2022-07
U0310,2022-08-16,20.0,Credit Card,2022-08
U0310,2022-09-16,20.0,PayPal,2022-09
U0311,2022-05-04,30.0,PayPal,2022-05
U0312,2022-05-05,30.0,PayPal,2022-05
U0312,2022-06-05,30.0,PayPal,2022-06
U0312,2022-07-05,30.0,Credit Card,2022-07
U0313,2022-07-02,10.0,PayPal,2022-07
U0313,2022-08-02,10.0,Credit Card,2022-08
U0313,2022-09-02,10.0,Credit Card,2022-09
U0314,2022-05-26,20.0,PayPal,2022-05
U0314,2022-06-26,20.0,PayPal,2022-06
U0314,2022-07-26,20.0,PayPal,2022-07
U0314,2022-08-26,20.0,Credit Card,2022-08
U0314,2022-09-26,20.0,Bank Transfer,2022-09
U0314,2022-10-26,20.0,Bank Transfer,2022-10
U0314,2022-11-26,20.0,PayPal,2022-11
U0314,2022-12-26,20.0,Bank Transfer,2022-12
U0314,2023-01-26,20.0,PayPal,2023-01
U0314,2023-02-26,20.0,Bank Transfer,2023-02
U0314,2023-03-26,20.0,Bank Transfer,2023-03
U0314,2023-04-26,20.0,PayPal,2023-04
U0315,2022-03-08,30.0,Credit Card,2022-03
U0316,2022-07-17,30.0,Credit Card,2022-07
U0316,2022-08-17,30.0,Credit Card,2022-08
U0316,2022-09-17,30.0,PayPal,2022-09
U0316,2022-10-17,30.0,PayPal,2022-10
U0316,2022-11-17,30.0,Credit Card,2022-11
U0316,2022-12-17,30.0,Credit Card,2022-12
U0316,2023-01-17,30.0,PayPal,2023-01
U0316,2023-02-17,30.0,PayPal,2023-02
U0316,2023-03-17,30.0,PayPal,2023-03
U0316,2023-04-17,30.0,Bank Transfer,2023-04
U0316,2023-05-17,30.0,PayPal,2023-05
U0316,2023-06-17,30.0,Credit Card,2023-06
U0317,2022-02-07,10.0,PayPal,2022-02
U0317,2022-03-07,10.0,PayPal,2022-03
U0317,2022-04-07,10.0,PayPal,2022-04
U0318,2022-01-24,20.0,Credit Card,2022-01
U0319,2022-02-07,30.0,Credit Card,2022-02
U0319,2022-03-07,30.0,Credit Card,2022-03
U0319,2022-04-07,30.0,Bank Transfer,2022-04
U0319,2022-05-07,30.0,PayPal,2022-05
U0319,2022-06-07,30.0,Credit Card,2022-06
U0319,2022-07-07,30.0,PayPal,2022-07
U0319,2022-08-07,30.0,Credit Card,2022-08
U0319,2022-09-07,30.0,PayPal,2022-09
U0319,2022-10-07,30.0,Bank Transfer,2022-10
U0319,2022-11-07,30.0,Credit Card,2022-11
U0319,2022-12-07,30.0,Credit Card,2022-12
U0319,2023-01-07,30.0,Bank Transfer,2023-01
U0320,2022-08-05,10.0,PayPal,2022-08
U0320,2022-09-05,10.0,PayPal,2022-09
U0320,2022-10-05,10.0,Bank Transfer,2022-10
U0320,2022-11-05,10.0,Bank Transfer,2022-11
U0320,2022-12-05,10.0,Bank Transfer,2022-12
U0320,2023-01-05,10.0,PayPal,2023-01
U0320,2023-02-05,10.0,Bank Transfer,2023-02
U0320,2023-03-05,10.0,Credit Card,2023-03
U0320,2023-04-05,10.0,Bank Transfer,2023-04
U0320,2023-05-05,10.0,Credit Card,2023-05
U0320,2023-06-05,10.0,Credit Card,2023-06
U0320,2023-07-05,10.0,Credit Card,2023-07
U0321,2022-11-18,10.0,PayPal,2022-11
U0321,2022-12-18,10.0,Credit Card,2022-12
U0321,2023-01-18,10.0,Credit Card,2023-01
U0321,2023-02-18,10.0,PayPal,2023-02
U0321,2023-03-18,10.0,Credit Card,2023-03
U0321,2023-04-18,10.0,Credit Card,2023-04
U0321,2023-05-18,10.0,Bank Transfer,2023-05
U0321,2023-06-18,10.0,Credit Card,2023-06
U0321,2023-07-18,10.0,Bank Transfer,2023-07
U0321,2023-08-18,10.0,PayPal,2023-08
U0321,2023-09-18,10.0,Bank Transfer,2023-09
U0321,2023-10-18,10.0,Bank Transfer,2023-10
U0322,2022-01-25,30.0,PayPal,2022-01
U0323,2022-04-23,10.0,Bank Transfer,2022-04
U0323,2022-05-23,10.0,Credit Card,2022-05
U0323,2022-06-23,10.0,PayPal,2022-06
U0323,2022-07-23,10.0,PayPal,2022-07
U0323,2022-08-23,10.0,Credit Card,2022-08
U0323,2022-09-23,10.0,PayPal,2022-09
U0323,2022-10-23,10.0,PayPal,2022-10
U0323,2022-11-23,10.0,Credit Card,2022-11
U0323,2022-12-23,10.0,Bank Transfer,2022-12
U0323,2023-01-23,10.0,PayPal,2023-01
U0323,2023-02-23,10.0,PayPal,2023-02
U0323,2023-03-23,10.0,Bank Transfer,2023-03
U0324,2022-05-04,20.0,Credit Card,2022-05
U0324,2022-06-04,20.0,PayPal,2022-06
U0324,2022-07-04,20.0,Bank Transfer,2022-07
U0324,2022-08-04,20.0,Credit Card,2022-08
U0324,2022-09-04,20.0,Bank Transfer,2022-09
U0324,2022-10-04,20.0,Bank Transfer,2022-10
U0324,2022-11-04,20.0,Bank Transfer,2022-11
U0324,2022-12-04,20.0,PayPal,2022-12
U0324,2023-01-04,20.0,Credit Card,2023-01
U0324,2023-02-04,20.0,PayPal,2023-02
U0324,2023-03-04,20.0,PayPal,2023-03
U0324,2023-04-04,20.0,PayPal,2023-04
U0325,2022-10-27,30.0,Bank Transfer,2022-10
U0326,2022-08-01,10.0,Credit Card,2022-08
U0326,2022-09-01,10.0,Credit Card,2022-09
U0326,2022-10-01,10.0,PayPal,2022-10
U0327,2022-09-09,30.0,Credit Card,2022-09
U0327,2022-10-09,30.0,Credit Card,2022-10
U0327,2022-11-09,30.0,Bank Transfer,2022-11
U0327,2022-12-09,30.0,PayPal,2022-12
U0327,2023-01-09,30.0,PayPal,2023-01
U0327,2023-02-09,30.0,PayPal,2023-02
U0327,2023-03-09,30.0,PayPal,2023-03
U0327,2023-04-09,30.0,Bank Transfer,2023-04
U0327,2023-05-09,30.0,PayPal,2023-05
U0327,2023-06-09,30.0,Credit Card,2023-06
U0327,2023-07-09,30.0,Credit Card,2023-07
U0327,2023-08-09,30.0,Bank Transfer,2023-08
U0328,2022-02-27,30.0,Credit Card,2022-02
U0328,2022-03-27,30.0,Credit Card,2022-03
U0328,2022-04-27,30.0,PayPal,2022-04
U0328,2022-05-27,30.0,Bank Transfer,2022-05
U0328,2022-06-27,30.0,Credit Card,2022-06
U0328,2022-07-27,30.0,PayPal,2022-07
U0328,2022-08-27,30.0,Credit Card,2022-08
U0328,2022-09-27,30.0,Credit Card,2022-09
U0328,2022-10-27,30.0,Bank Transfer,2022-10
U0328,2022-11-27,30.0,Credit Card,2022-11
U0328,2022-12-27,30.0,PayPal,2022-12
U0328,2023-01-27,30.0,PayPal,2023-01
U0329,2022-06-06,10.0,Bank Transfer,2022-06
U0329,2022-07-06,10.0,Bank Transfer,2022-07
U0329,2022-08-06,10.0,PayPal,2022-08
U0329,2022-09-06,10.0,Bank Transfer,2022-09
U0329,2022-10-06,10.0,Credit Card,2022-10
U0329,2022-11-06,10.0,Bank Transfer,2022-11
U0330,2022-05-30,20.0,Credit Card,2022-05
U0330,2022-06-30,20.0,Bank Transfer,2022-06
U0330,2022-07-30,20.0,PayPal,2022-07
U0330,2022-08-30,20.0,PayPal,2022-08
U0330,2022-09-30,20.0,PayPal,2022-09
U0330,2022-10-30,20.0,PayPal,2022-10
U0330,2022-11-30,20.0,PayPal,2022-11
U0330,2022-12-30,20.0,PayPal,2022-12
U0330,2023-01-30,20.0,Bank Transfer,2023-01
U0330,2023-02-28,20.0,PayPal,2023-02
U0330,2023-03-30,20.0,Credit Card,2023-03
U0330,2023-04-30,20.0,Credit Card,2023-04
U0331,2022-02-21,20.0,Bank Transfer,2022-02
U0331,2022-03-21,20.0,PayPal,2022-03
U0331,2022-04-21,20.0,Credit Card,2022-04
U0331,2022-05-21,20.0,PayPal,2022-05
U0331,2022-06-21,20.0,PayPal,2022-06
U0331,2022-07-21,20.0,Bank Transfer,2022-07
U0331,2022-08-21,20.0,PayPal,2022-08
U0331,2022-09-21,20.0,Credit Card,2022-09
U0331,2022-10-21,20.0,Bank Transfer,2022-10
U0331,2022-11-21,20.0,PayPal,2022-11
U0331,2022-12-21,20.0,Credit Card,2022-12
U0331,2023-01-21,20.0,Bank Transfer,2023-01
U0332,2022-06-15,10.0,PayPal,2022-06
U0332,2022-07-15,10.0,Credit Card,2022-07
U0332,2022-08-15,10.0,PayPal,2022-08
U0332,2022-09-15,10.0,Credit Card,2022-09
U0332,2022-10-15,10.0,Bank Transfer,2022-10
U0332,2022-11-15,10.0,PayPal,2022-11
U0333,2022-06-18,30.0,Bank Transfer,2022-06
U0333,2022-07-18,30.0,Credit Card,2022-07
U0333,2022-08-18,30.0,Bank Transfer,2022-08
U0333,2022-09-18,30.0,PayPal,2022-09
U0333,2022-10-18,30.0,PayPal,2022-10
U0333,2022-11-18,30.0,Bank Transfer,2022-11
U0333,2022-12-18,30.0,Credit Card,2022-12
U0333,2023-01-18,30.0,Credit Card,2023-01
U0333,2023-02-18,30.0,Bank Transfer,2023-02
U0333,2023-03-18,30.0,Bank Transfer,2023-03
U0333,2023-04-18,30.0,Bank Transfer,2023-04
U0333,2023-05-18,30.0,Credit Card,2023-05
U0334,2022-07-09,30.0,Bank Transfer,2022-07
U0334,2022-08-09,30.0,PayPal,2022-08
U0334,2022-09-09,30.0,PayPal,2022-09
U0334,2022-10-09,30.0,Bank Transfer,2022-10
U0334,2022-11-09,30.0,Bank Transfer,2022-11
U0334,2022-12-09,30.0,Bank Transfer,2022-12
U0335,2022-09-30,10.0,Bank Transfer,2022-09
U0335,2022-10-30,10.0,Bank Transfer,2022-10
U0335,2022-11-30,10.0,Bank Transfer,2022-11
U0336,2022-08-12,30.0,Bank Transfer,2022-08
U0336,2022-09-12,30.0,PayPal,2022-09
U0336,2022-10-12,30.0,PayPal,2022-10
U0336,2022-11-12,30.0,Credit Card,2022-11
U0336,2022-12-12,30.0,PayPal,2022-12
U0336,2023-01-12,30.0,Credit Card,2023-01
U0336,2023-02-12,30.0,Bank Transfer,2023-02
U0336,2023-03-12,30.0,Bank Transfer,2023-03
U0336,2023-04-12,30.0,Credit Card,2023-04
U0336,2023-05-12,30.0,Credit Card,2023-05
U0336,2023-06-12,30.0,PayPal,2023-06
U0336,2023-07-12,30.0,Bank Transfer,2023-07
U0337,2022-08-26,30.0,Credit Card,2022-08
U0338,2022-07-10,10.0,Credit Card,2022-07
U0338,2022-08-10,10.0,Bank Transfer,2022-08
U0338,2022-09-10,10.0,Credit Card,2022-09
U0339,2022-03-01,10.0,Bank Transfer,2022-03
U0339,2022-04-01,10.0,Bank Transfer,2022-04
U0339,2022-05-01,10.0,Bank Transfer,2022-05
U0339,2022-06-01,10.0,Credit Card,2022-06
U0339,2022-07-01,10.0,Bank Transfer,2022-07
U0339,2022-08-01,10.0,Credit Card,2022-08
U0340,2022-05-18,20.0,Bank Transfer,2022-05
U0340,2022-06-18,20.0,PayPal,2022-06
U0340,2022-07-18,20.0,Credit Card,2022-07
U0341,2022-01-23,20.0,Bank Transfer,2022-01
U0341,2022-02-23,20.0,PayPal,2022-02
U0341,2022-03-23,20.0,Credit Card,2022-03
U0341,2022-04-23,20.0,Credit Card,2022-04
U0341,2022-05-23,20.0,PayPal,2022-05
U0341,2022-06-23,20.0,Bank Transfer,2022-06
U0342,2022-11-20,30.0,PayPal,2022-11
U0342,2022-12-20,30.0,Bank Transfer,2022-12
U0342,2023-01-20,30.0,Credit Card,2023-01
U0342,2023-02-20,30.0,Bank Transfer,2023-02
U0342,2023-03-20,30.0,PayPal,2023-03
U0342,2023-04-20,30.0,Bank Transfer,2023-04
U0342,2023-05-20,30.0,Bank Transfer,2023-05
U0342,2023-06-20,30.0,Credit Card,2023-06
U0342,2023-07-20,30.0,PayPal,2023-07
U0342,2023-08-20,30.0,PayPal,2023-08
U0342,2023-09-20,30.0,Credit Card,2023-09
U0342,2023-10-20,30.0,Credit Card,2023-10
U0343,2022-02-13,20.0,PayPal,2022-02
U0343,2022-03-13,20.0,PayPal,2022-03
U0343,2022-04-13,20.0,Credit Card,2022-04
U0343,2022-05-13,20.0,Credit Card,2022-05
U0343,2022-06-13,20.0,Bank Transfer,2022-06
U0343,2022-07-13,20.0,Bank Transfer,2022-07
U0343,2022-08-13,20.0,Credit Card,2022-08
U0343,2022-09-13,20.0,Credit Card,2022-09
U0343,2022-10-13,20.0,Bank Transfer,2022-10
U0343,2022-11-13,20.0,Bank Transfer,2022-11
U0343,2022-12-13,20.0,Credit Card,2022-12
U0343,2023-01-13,20.0,Credit Card,2023-01
U0344,2022-02-14,10.0,Credit Card,2022-02
U0344,2022-03-14,10.0,Credit Card,2022-03
U0344,2022-04-14,10.0,Credit Card,2022-04
U0344,2022-05-14,10.0,PayPal,2022-05
U0344,2022-06-14,10.0,PayPal,2022-06
U0344,2022-07-14,10.0,Credit Card,2022-07
U0344,2022-08-14,10.0,PayPal,2022-08
U0344,2022-09-14,10.0,Bank Transfer,2022-09
U0344,2022-10-14,10.0,Bank Transfer,2022-10
U0344,2022-11-14,10.0,PayPal,2022-11
U0344,2022-12-14,10.0,PayPal,2022-12
U0344,2023-01-14,10.0,Bank Transfer,2023-01
U0345,2022-07-07,30.0,PayPal,2022-07
U0345,2022-08-07,30.0,PayPal,2022-08
U0345,2022-09-07,30.0,PayPal,2022-09
U0345,2022-10-07,30.0,Credit Card,2022-10
U0345,2022-11-07,30.0,PayPal,2022-11
U0345,2022-12-07,30.0,Credit Card,2022-12
U0345,2023-01-07,30.0,Bank Transfer,2023-01
U0345,2023-02-07,30.0,Bank Transfer,2023-02
U0345,2023-03-07,30.0,PayPal,2023-03
U0345,2023-04-07,30.0,PayPal,2023-04
U0345,2023-05-07,30.0,Credit Card,2023-05
U0345,2023-06-07,30.0,Credit Card,2023-06
U0346,2022-04-14,30.0,PayPal,2022-04
U0346,2022-05-14,30.0,Credit Card,2022-05
U0346,2022-06-14,30.0,Credit Card,2022-06
U0346,2022-07-14,30.0,Credit Card,2022-07
U0346,2022-08-14,30.0,Bank Transfer,2022-08
U0346,2022-09-14,30.0,PayPal,2022-09
U0347,2022-10-15,30.0,PayPal,2022-10
U0348,2022-10-14,20.0,PayPal,2022-10
U0348,2022-11-14,20.0,Bank Transfer,2022-11
U0348,2022-12-14,20.0,PayPal,2022-12
U0349,2022-02-27,20.0,PayPal,2022-02
U0350,2022-09-23,10.0,Bank Transfer,2022-09
U0350,2022-10-23,10.0,Credit Card,2022-10
U0350,2022-11-23,10.0,PayPal,2022-11
U0350,2022-12-23,10.0,PayPal,2022-12
U0350,2023-01-23,10.0,PayPal,2023-01
U0350,2023-02-23,10.0,PayPal,2023-02
U0351,2022-06-18,20.0,PayPal,2022-06
U0351,2022-07-18,20.0,PayPal,2022-07
U0351,2022-08-18,20.0,Credit Card,2022-08
U0351,2022-09-18,20.0,Credit Card,2022-09
U0351,2022-10-18,20.0,Credit Card,2022-10
U0351,2022-11-18,20.0,PayPal,2022-11
U0352,2022-04-27,20.0,PayPal,2022-04
U0352,2022-05-27,20.0,Credit Card,2022-05
U0352,2022-06-27,20.0,Credit Card,2022-06
U0353,2022-05-05,30.0,Bank Transfer,2022-05
U0353,2022-06-05,30.0,Credit Card,2022-06
U0353,2022-07-05,30.0,PayPal,2022-07
U0353,2022-08-05,30.0,Credit Card,2022-08
U0353,2022-09-05,30.0,Bank Transfer,2022-09
U0353,2022-10-05,30.0,PayPal,2022-10
U0354,2022-05-23,30.0,PayPal,2022-05
U0355,2022-01-26,10.0,Credit Card,2022-01
U0355,2022-02-26,10.0,PayPal,2022-02
U0355,2022-03-26,10.0,Bank Transfer,2022-03
U0355,2022-04-26,10.0,PayPal,2022-04
U0355,2022-05-26,10.0,PayPal,2022-05
U0355,2022-06-26,10.0,PayPal,2022-06
U0356,2022-12-14,10.0,PayPal,2022-12
U0357,2022-10-09,10.0,PayPal,2022-10
U0357,2022-11-09,10.0,PayPal,2022-11
U0357,2022-12-09,10.0,Bank Transfer,2022-12
U0358,2022-01-28,20.0,Credit Card,2022-01
U0359,2022-06-04,30.0,Credit Card,2022-06
U0359,2022-07-04,30.0,Bank Transfer,2022-07
U0359,2022-08-04,30.0,PayPal,2022-08
U0359,2022-09-04,30.0,Bank Transfer,2022-09
U0359,2022-10-04,30.0,Credit Card,2022-10
U0359,2022-11-04,30.0,PayPal,2022-11
U0360,2022-10-22,20.0,Credit Card,2022-10
U0360,2022-11-22,20.0,PayPal,2022-11
U0360,2022-12-22,20.0,PayPal,2022-12
U0360,2023-01-22,20.0,Bank Transfer,2023-01
U0360,2023-02-22,20.0,Bank Transfer,2023-02
U0360,2023-03-22,20.0,Bank Transfer,2023-03
U0360,2023-04-22,20.0,Bank Transfer,2023-04
U0360,2023-05-22,20.0,Credit Card,2023-05
U0360,2023-06-22,20.0,Credit Card,2023-06
U0360,2023-07-22,20.0,PayPal,2023-07
U0360,2023-08-22,20.0,Bank Transfer,2023-08
U0360,2023-09-22,20.0,PayPal,2023-09
U0361,2022-09-16,10.0,Bank Transfer,2022-09
U0362,2022-09-24,10.0,PayPal,2022-09
U0362,2022-10-24,10.0,Bank Transfer,2022-10
U0362,2022-11-24,10.0,Credit Card,2022-11
U0363,2022-06-08,20.0,PayPal,2022-06
U0363,2022-07-08,20.0,PayPal,2022-07
U0363,2022-08-08,20.0,Bank Transfer,2022-08
U0364,2022-12-06,30.0,Credit Card,2022-12
U0364,2023-01-06,30.0,PayPal,2023-01
U0364,2023-02-06,30.0,Bank Transfer,2023-02
U0365,2022-11-14,10.0,PayPal,2022-11
U0365,2022-12-14,10.0,PayPal,2022-12
U0365,2023-01-14,10.0,PayPal,2023-01
U0365,2023-02-14,10.0,PayPal,2023-02
U0365,2023-03-14,10.0,Credit Card,2023-03
U0365,2023-04-14,10.0,PayPal,2023-04
U0365,2023-05-14,10.0,Bank Transfer,2023-05
U0365,2023-06-14,10.0,Bank Transfer,2023-06
U0365,2023-07-14,10.0,PayPal,2023-07
U0365,2023-08-14,10.0,Bank Transfer,2023-08
U0365,2023-09-14,10.0,Bank Transfer,2023-09
U0365,2023-10-14,10.0,Bank Transfer,2023-10
U0366,2022-08-31,20.0,PayPal,2022-08
U0366,2022-09-30,20.0,Credit Card,2022-09
U0366,2022-10-31,20.0,Bank Transfer,2022-10
U0366,2022-11-30,20.0,PayPal,2022-11
U0366,2022-12-31,20.0,PayPal,2022-12
U0366,2023-01-31,20.0,Bank Transfer,2023-01
U0367,2022-02-04,10.0,Credit Card,2022-02
U0368,2022-07-10,30.0,Bank Transfer,2022-07
U0368,2022-08-10,30.0,Credit Card,2022-08
U0368,2022-09-10,30.0,Bank Transfer,2022-09
U0368,2022-10-10,30.0,Bank Transfer,2022-10
U0368,2022-11-10,30.0,Credit Card,2022-11
U0368,2022-12-10,30.0,Credit Card,2022-12
U0368,2023-01-10,30.0,Credit Card,2023-01
U0368,2023-02-10,30.0,Bank Transfer,2023-02
U0368,2023-03-10,30.0,Bank Transfer,2023-03
U0368,2023-04-10,30.0,Bank Transfer,2023-04
U0368,2023-05-10,30.0,PayPal,2023-05
U0368,2023-06-10,30.0,Credit Card,2023-06
U0369,2022-12-11,10.0,Bank Transfer,2022-12
U0370,2022-06-07,20.0,Credit Card,2022-06
U0371,2022-11-18,20.0,Bank Transfer,2022-11
U0371,2022-12-18,20.0,Bank Transfer,2022-12
U0371,2023-01-18,20.0,Bank Transfer,2023-01
U0371,2023-02-18,20.0,Bank Transfer,2023-02
U0371,2023-03-18,20.0,Credit Card,2023-03
U0371,2023-04-18,20.0,Credit Card,2023-04
U0371,2023-05-18,20.0,PayPal,2023-05
U0371,2023-06-18,20.0,Credit Card,2023-06
U0371,2023-07-18,20.0,Bank Transfer,2023-07
U0371,2023-08-18,20.0,PayPal,2023-08
U0371,2023-09-18,20.0,Bank Transfer,2023-09
U0371,2023-10-18,20.0,PayPal,2023-10
U0372,2022-05-09,20.0,Credit Card,2022-05
U0372,2022-06-09,20.0,Credit Card,2022-06
U0372,2022-07-09,20.0,Bank Transfer,2022-07
U0372,2022-08-09,20.0,PayPal,2022-08
U0372,2022-09-09,20.0,Bank Transfer,2022-09
U0372,2022-10-09,20.0,PayPal,2022-10
U0373,2022-10-25,30.0,Bank Transfer,2022-10
U0373,2022-11-25,30.0,PayPal,2022-11
U0373,2022-12-25,30.0,Bank Transfer,2022-12
U0373,2023-01-25,30.0,Bank Transfer,2023-01
U0373,2023-02-25,30.0,Bank Transfer,2023-02
U0373,2023-03-25,30.0,Bank Transfer,2023-03
U0374,2022-08-04,20.0,PayPal,2022-08
U0374,2022-09-04,20.0,Credit Card,2022-09
U0374,2022-10-04,20.0,Bank Transfer,2022-10
U0374,2022-11-04,20.0,PayPal,2022-11
U0374,2022-12-04,20.0,PayPal,2022-12
U0374,2023-01-04,20.0,PayPal,2023-01
U0375,2022-12-06,30.0,Credit Card,2022-12
U0375,2023-01-06,30.0,Credit Card,2023-01
U0375,2023-02-06,30.0,Credit Card,2023-02
U0376,2022-07-02,20.0,Credit Card,2022-07
U0376,2022-08-02,20.0,Credit Card,2022-08
U0376,2022-09-02,20.0,Bank Transfer,2022-09
U0377,2022-10-05,30.0,Credit Card,2022-10
U0378,2022-07-27,30.0,PayPal,2022-07
U0379,2022-09-10,20.0,Bank Transfer,2022-09
U0379,2022-10-10,20.0,Bank Transfer,2022-10
U0379,2022-11-10,20.0,PayPal,2022-11
U0379,2022-12-10,20.0,PayPal,2022-12
U0379,2023-01-10,20.0,Credit Card,2023-01
U0379,2023-02-10,20.0,Credit Card,2023-02
U0380,2022-02-27,20.0,Credit Card,2022-02
U0380,2022-03-27,20.0,Credit Card,2022-03
U0380,2022-04-27,20.0,PayPal,2022-04
U0381,2022-11-28,20.0,Bank Transfer,2022-11
U0382,2022-02-18,10.0,Credit Card,2022-02
U0382,2022-03-18,10.0,Credit Card,2022-03
U0382,2022-04-18,10.0,PayPal,2022-04
U0382,2022-05-18,10.0,Credit Card,2022-05
U0382,2022-06-18,10.0,PayPal,2022-06
U0382,2022-07-18,10.0,Bank Transfer,2022-07
U0383,2022-09-04,10.0,Credit Card,2022-09
U0383,2022-10-04,10.0,Bank Transfer,2022-10
U0383,2022-11-04,10.0,PayPal,2022-11
U0384,2022-07-17,10.0,Bank Transfer,2022-07
U0384,2022-08-17,10.0,Credit Card,2022-08
U0384,2022-09-17,10.0,Bank Transfer,2022-09
U0385,2022-12-24,30.0,Bank Transfer,2022-12
U0385,2023-01-24,30.0,Credit Card,2023-01
U0385,2023-02-24,30.0,PayPal,2023-02
U0385,2023-03-24,30.0,Bank Transfer,2023-03
U0385,2023-04-24,30.0,Credit Card,2023-04
U0385,2023-05-24,30.0,Bank Transfer,2023-05
U0385,2023-06-24,30.0,PayPal,2023-06
U0385,2023-07-24,30.0,Credit Card,2023-07
U0385,2023-08-24,30.0,PayPal,2023-08
U0385,2023-09-24,30.0,Bank Transfer,2023-09
U0385,2023-10-24,30.0,PayPal,2023-10
U0385,2023-11-24,30.0,Credit Card,2023-11
U0386,2022-06-03,20.0,Bank Transfer,2022-06
U0386,2022-07-03,20.0,Bank Transfer,2022-07
U0386,2022-08-03,20.0,PayPal,2022-08
U0386,2022-09-03,20.0,PayPal,2022-09
U0386,2022-10-03,20.0,Credit Card,2022-10
U0386,2022-11-03,20.0,Credit Card,2022-11
U0386,2022-12-03,20.0,Credit Card,2022-12
U0386,2023-01-03,20.0,PayPal,2023-01
U0386,2023-02-03,20.0,PayPal,2023-02
U0386,2023-03-03,20.0,Credit Card,2023-03
U0386,2023-04-03,20.0,Credit Card,2023-04
U0386,2023-05-03,20.0,Bank Transfer,2023-05
U0387,2022-04-27,30.0,Credit Card,2022-04
U0387,2022-05-27,30.0,Credit Card,2022-05
U0387,2022-06-27,30.0,Bank Transfer,2022-06
U0387,2022-07-27,30.0,Bank Transfer,2022-07
U0387,2022-08-27,30.0,PayPal,2022-08
U0387,2022-09-27,30.0,PayPal,2022-09
U0388,2022-10-11,10.0,PayPal,2022-10
U0388,2022-11-11,10.0,Credit Card,2022-11
U0388,2022-12-11,10.0,PayPal,2022-12
U0388,2023-01-11,10.0,PayPal,2023-01
U0388,2023-02-11,10.0,Credit Card,2023-02
U0388,2023-03-11,10.0,Bank Transfer,2023-03
U0388,2023-04-11,10.0,Credit Card,2023-04
U0388,2023-05-11,10.0,Bank Transfer,2023-05
U0388,2023-06-11,10.0,Bank Transfer,2023-06
U0388,2023-07-11,10.0,PayPal,2023-07
U0388,2023-08-11,10.0,Bank Transfer,2023-08
U0388,2023-09-11,10.0,PayPal,2023-09
U0389,2022-05-16,10.0,Bank Transfer,2022-05
U0389,2022-06-16,10.0,Bank Transfer,2022-06
U0389,2022-07-16,10.0,PayPal,2022-07
U0389,2022-08-16,10.0,PayPal,2022-08
U0389,2022-09-16,10.0,Credit Card,2022-09
U0389,2022-10-16,10.0,PayPal,2022-10
U0389,2022-11-16,10.0,PayPal,2022-11
U0389,2022-12-16,10.0,PayPal,2022-12
U0389,2023-01-16,10.0,Bank Transfer,2023-01
U0389,2023-02-16,10.0,PayPal,2023-02
U0389,2023-03-16,10.0,PayPal,2023-03
U0389,2023-04-16,10.0,PayPal,2023-04
U0390,2022-01-23,10.0,Bank Transfer,2022-01
U0390,2022-02-23,10.0,PayPal,2022-02
U0390,2022-03-23,10.0,Bank Transfer,2022-03
U0390,2022-04-23,10.0,Bank Transfer,2022-04
U0390,2022-05-23,10.0,Credit Card,2022-05
U0390,2022-06-23,10.0,PayPal,2022-06
U0391,2022-05-05,10.0,Bank Transfer,2022-05
U0392,2022-10-21,30.0,Bank Transfer,2022-10
U0392,2022-11-21,30.0,PayPal,2022-11
U0392,2022-12-21,30.0,Credit Card,2022-12
U0393,2022-12-14,30.0,PayPal,2022-12
U0394,2022-06-11,20.0,Credit Card,2022-06
U0394,2022-07-11,20.0,Credit Card,2022-07
U0394,2022-08-11,20.0,Bank Transfer,2022-08
U0395,2022-06-18,20.0,Credit Card,2022-06
U0395,2022-07-18,20.0,Credit Card,2022-07
U0395,2022-08-18,20.0,Bank Transfer,2022-08
U0395,2022-09-18,20.0,PayPal,2022-09
U0395,2022-10-18,20.0,Bank Transfer,2022-10
U0395,2022-11-18,20.0,Credit Card,2022-11
U0395,2022-12-18,20.0,Bank Transfer,2022-12
U0395,2023-01-18,20.0,Credit Card,2023-01
U0395,2023-02-18,20.0,Bank Transfer,2023-02
U0395,2023-03-18,20.0,Credit Card,2023-03
U0395,2023-04-18,20.0,Bank Transfer,2023-04
U0395,2023-05-18,20.0,Credit Card,2023-05
U0396,2022-06-22,20.0,PayPal,2022-06
U0396,2022-07-22,20.0,Bank Transfer,2022-07
U0396,2022-08-22,20.0,Bank Transfer,2022-08
U0397,2022-12-14,30.0,Bank Transfer,2022-12
U0397,2023-01-14,30.0,PayPal,2023-01
U0397,2023-02-14,30.0,Bank Transfer,2023-02
U0397,2023-03-14,30.0,Credit Card,2023-03
U0397,2023-04-14,30.0,Bank Transfer,2023-04
U0397,2023-05-14,30.0,Credit Card,2023-05
U0397,2023-06-14,30.0,Credit Card,2023-06
U0397,2023-07-14,30.0,PayPal,2023-07
U0397,2023-08-14,30.0,PayPal,2023-08
U0397,2023-09-14,30.0,Credit Card,2023-09
U0397,2023-10-14,30.0,Credit Card,2023-10
U0397,2023-11-14,30.0,Credit Card,2023-11
U0398,2022-05-30,20.0,Bank Transfer,2022-05
U0398,2022-06-30,20.0,Bank Transfer,2022-06
U0398,2022-07-30,20.0,PayPal,2022-07
U0398,2022-08-30,20.0,Bank Transfer,2022-08
U0398,2022-09-30,20.0,Credit Card,2022-09
U0398,2022-10-30,20.0,Credit Card,2022-10
U0399,2022-12-28,20.0,PayPal,2022-12
U0399,2023-01-28,20.0,Bank Transfer,2023-01
U0399,2023-02-28,20.0,PayPal,2023-02
U0399,2023-03-28,20.0,Bank Transfer,2023-03
U0399,2023-04-28,20.0,PayPal,2023-04
U0399,2023-05-28,20.0,Credit Card,2023-05
U0399,2023-06-28,20.0,Bank Transfer,2023-06
U0399,2023-07-28,20.0,PayPal,2023-07
U0399,2023-08-28,20.0,Credit Card,2023-08
U0399,2023-09-28,20.0,PayPal,2023-09
U0399,2023-10-28,20.0,Bank Transfer,2023-10
U0399,2023-11-28,20.0,Bank Transfer,2023-11
U0400,2022-08-11,30.0,PayPal,2022-08
U0400,2022-09-11,30.0,PayPal,2022-09
U0400,2022-10-11,30.0,Credit Card,2022-10
U0400,2022-11-11,30.0,Credit Card,2022-11
U0400,2022-12-11,30.0,Credit Card,2022-12
U0400,2023-01-11,30.0,Credit Card,2023-01
U0401,2022-07-01,20.0,Credit Card,2022-07
U0401,2022-08-01,20.0,PayPal,2022-08
U0401,2022-09-01,20.0,Credit Card,2022-09
U0401,2022-10-01,20.0,Bank Transfer,2022-10
U0401,2022-11-01,20.0,PayPal,2022-11
U0401,2022-12-01,20.0,Credit Card,2022-12
U0401,2023-01-01,20.0,Credit Card,2023-01
U0401,2023-02-01,20.0,Bank Transfer,2023-02
U0401,2023-03-01,20.0,PayPal,2023-03
U0401,2023-04-01,20.0,PayPal,2023-04
U0401,2023-05-01,20.0,Credit Card,2023-05
U0401,2023-06-01,20.0,Credit Card,2023-06
U0402,2022-01-23,20.0,Credit Card,2022-01
U0403,2022-11-16,10.0,PayPal,2022-11
U0403,2022-12-16,10.0,Credit Card,2022-12
U0403,2023-01-16,10.0,Credit Card,2023-01
U0404,2022-03-03,10.0,Credit Card,2022-03
U0404,2022-04-03,10.0,Credit Card,2022-04
U0404,2022-05-03,10.0,PayPal,2022-05
U0404,2022-06-03,10.0,Bank Transfer,2022-06
U0404,2022-07-03,10.0,Bank Transfer,2022-07
U0404,2022-08-03,10.0,Credit Card,2022-08
U0405,2022-08-09,20.0,PayPal,2022-08
U0405,2022-09-09,20.0,Bank Transfer,2022-09
U0405,2022-10-09,20.0,Bank Transfer,2022-10
U0405,2022-11-09,20.0,Bank Transfer,2022-11
U0405,2022-12-09,20.0,Credit Card,2022-12
U0405,2023-01-09,20.0,Credit Card,2023-01
U0406,2022-05-01,10.0,Bank Transfer,2022-05
U0407,2022-02-14,30.0,PayPal,2022-02
U0408,2022-11-07,10.0,Credit Card,2022-11
U0409,2022-06-07,10.0,Credit Card,2022-06
U0409,2022-07-07,10.0,Credit Card,2022-07
U0409,2022-08-07,10.0,PayPal,2022-08
U0409,2022-09-07,10.0,Credit Card,2022-09
U0409,2022-10-07,10.0,PayPal,2022-10
U0409,2022-11-07,10.0,Credit Card,2022-11
U0409,2022-12-07,10.0,PayPal,2022-12
U0409,2023-01-07,10.0,Credit Card,2023-01
U0409,2023-02-07,10.0,PayPal,2023-02
U0409,2023-03-07,10.0,Bank Transfer,2023-03
U0409,2023-04-07,10.0,Bank Transfer,2023-04
U0409,2023-05-07,10.0,Bank Transfer,2023-05
U0410,2022-11-29,10.0,PayPal,2022-11
U0410,2022-12-29,10.0,PayPal,2022-12
U0410,2023-01-29,10.0,PayPal,2023-01
U0411,2022-12-26,10.0,Credit Card,2022-12
U0412,2022-05-09,20.0,Credit Card,2022-05
U0412,2022-06-09,20.0,Credit Card,2022-06
U0412,2022-07-09,20.0,Credit Card,2022-07
U0412,2022-08-09,20.0,Bank Transfer,2022-08
U0412,2022-09-09,20.0,PayPal,2022-09
U0412,2022-10-09,20.0,PayPal,2022-10
U0412,2022-11-09,20.0,Bank Transfer,2022-11
U0412,2022-12-09,20.0,Credit Card,2022-12
U0412,2023-01-09,20.0,Bank Transfer,2023-01
U0412,2023-02-09,20.0,PayPal,2023-02
U0412,2023-03-09,20.0,PayPal,2023-03
U0412,2023-04-09,20.0,Bank Transfer,2023-04
U0413,2022-01-17,20.0,PayPal,2022-01
U0413,2022-02-17,20.0,Credit Card,2022-02
U0413,2022-03-17,20.0,Credit Card,2022-03
U0413,2022-04-17,20.0,PayPal,2022-04
U0413,2022-05-17,20.0,PayPal,2022-05
U0413,2022-06-17,20.0,Bank Transfer,2022-06
U0413,2022-07-17,20.0,Bank Transfer,2022-07
U0413,2022-08-17,20.0,PayPal,2022-08
U0413,2022-09-17,20.0,Bank Transfer,2022-09
U0413,2022-10-17,20.0,PayPal,2022-10
U0413,2022-11-17,20.0,Credit Card,2022-11
U0413,2022-12-17,20.0,Credit Card,2022-12
U0414,2022-04-24,20.0,Bank Transfer,2022-04
U0414,2022-05-24,20.0,Credit Card,2022-05
U0414,2022-06-24,20.0,PayPal,2022-06
U0414,2022-07-24,20.0,Bank Transfer,2022-07
U0414,2022-08-24,20.0,Bank Transfer,2022-08
U0414,2022-09-24,20.0,Bank Transfer,2022-09
U0414,2022-10-24,20.0,PayPal,2022-10
U0414,2022-11-24,20.0,Bank Transfer,2022-11
U0414,2022-12-24,20.0,Credit Card,2022-12
U0414,2023-01-24,20.0,PayPal,2023-01
U0414,2023-02-24,20.0,PayPal,2023-02
U0414,2023-03-24,20.0,Bank Transfer,2023-03
U0415,2022-01-27,10.0,PayPal,2022-01
U0415,2022-02-27,10.0,PayPal,2022-02
U0415,2022-03-27,10.0,Bank Transfer,2022-03
U0416,2022-01-09,30.0,Bank Transfer,2022-01
U0416,2022-02-09,30.0,Credit Card,2022-02
U0416,2022-03-09,30.0,PayPal,2022-03
U0417,2022-05-20,30.0,Credit Card,2022-05
U0418,2022-11-11,20.0,PayPal,2022-11
U0418,2022-12-11,20.0,Bank Transfer,2022-12
U0418,2023-01-11,20.0,Bank Transfer,2023-01
U0418,2023-02-11,20.0,Bank Transfer,2023-02
U0418,2023-03-11,20.0,Bank Transfer,2023-03
U0418,2023-04-11,20.0,PayPal,2023-04
U0419,2022-08-16,10.0,Credit Card,2022-08
U0419,2022-09-16,10.0,Bank Transfer,2022-09
U0419,2022-10-16,10.0,PayPal,2022-10
U0419,2022-11-16,10.0,Bank Transfer,2022-11
U0419,2022-12-16,10.0,PayPal,2022-12
U0419,2023-01-16,10.0,PayPal,2023-01
U0419,2023-02-16,10.0,Credit Card,2023-02
U0419,2023-03-16,10.0,Bank Transfer,2023-03
U0419,2023-04-16,10.0,Bank Transfer,2023-04
U0419,2023-05-16,10.0,Bank Transfer,2023-05
U0419,2023-06-16,10.0,PayPal,2023-06
U0419,2023-07-16,10.0,Bank Transfer,2023-07
U0420,2022-10-24,30.0,PayPal,2022-10
U0420,2022-11-24,30.0,Credit Card,2022-11
U0420,2022-12-24,30.0,PayPal,2022-12
U0421,2022-04-16,20.0,Bank Transfer,2022-04
U0421,2022-05-16,20.0,Credit Card,2022-05
U0421,2022-06-16,20.0,Bank Transfer,2022-06
U0422,2022-02-18,30.0,Bank Transfer,2022-02
U0422,2022-03-18,30.0,Bank Transfer,2022-03
U0422,2022-04-18,30.0,PayPal,2022-04
U0422,2022-05-18,30.0,Credit Card,2022-05
U0422,2022-06-18,30.0,Bank Transfer,2022-06
U0422,2022-07-18,30.0,Bank Transfer,2022-07
U0422,2022-08-18,30.0,Bank Transfer,2022-08
U0422,2022-09-18,30.0,Bank Transfer,2022-09
U0422,2022-10-18,30.0,Bank Transfer,2022-10
U0422,2022-11-18,30.0,Credit Card,2022-11
U0422,2022-12-18,30.0,Bank Transfer,2022-12
U0422,2023-01-18,30.0,Credit Card,2023-01
U0423,2022-03-29,30.0,Credit Card,2022-03
U0424,2022-08-31,20.0,Bank Transfer,2022-08
U0424,2022-09-30,20.0,PayPal,2022-09
U0424,2022-10-31,20.0,Credit Card,2022-10
U0424,2022-11-30,20.0,Credit Card,2022-11
U0424,2022-12-31,20.0,PayPal,2022-12
U0424,2023-01-31,20.0,PayPal,2023-01
U0424,2023-02-28,20.0,PayPal,2023-02
U0424,2023-03-31,20.0,Credit Card,2023-03
U0424,2023-04-30,20.0,Credit Card,2023-04
U0424,2023-05-31,20.0,Bank Transfer,2023-05
U0424,2023-06-30,20.0,PayPal,2023-06
U0424,2023-07-31,20.0,PayPal,2023-07
U0425,2022-10-08,10.0,PayPal,2022-10
U0425,2022-11-08,10.0,Bank Transfer,2022-11
U0425,2022-12-08,10.0,Bank Transfer,2022-12
U0425,2023-01-08,10.0,Credit Card,2023-01
U0425,2023-02-08,10.0,Credit Card,2023-02
U0425,2023-03-08,10.0,PayPal,2023-03
U0426,2022-02-28,10.0,PayPal,2022-02
U0426,2022-03-28,10.0,Bank Transfer,2022-03
U0426,2022-04-28,10.0,Credit Card,2022-04
U0426,2022-05-28,10.0,PayPal,2022-05
U0426,2022-06-28,10.0,Bank Transfer,2022-06
U0426,2022-07-28,10.0,Credit Card,2022-07
U0426,2022-08-28,10.0,PayPal,2022-08
U0426,2022-09-28,10.0,PayPal,2022-09
U0426,2022-10-28,10.0,Bank Transfer,2022-10
U0426,2022-11-28,10.0,Bank Transfer,2022-11
U0426,2022-12-28,10.0,Credit Card,2022-12
U0426,2023-01-28,10.0,Bank Transfer,2023-01
U0427,2022-07-29,30.0,Bank Transfer,2022-07
U0427,2022-08-29,30.0,PayPal,2022-08
U0427,2022-09-29,30.0,Credit Card,2022-09
U0427,2022-10-29,30.0,Credit Card,2022-10
U0427,2022-11-29,30.0,PayPal,2022-11
U0427,2022-12-29,30.0,PayPal,2022-12
U0427,2023-01-29,30.0,PayPal,2023-01
U0427,2023-02-28,30.0,Credit Card,2023-02
U0427,2023-03-29,30.0,Bank Transfer,2023-03
U0427,2023-04-29,30.0,PayPal,2023-04
U0427,2023-05-29,30.0,PayPal,2023-05
U0427,2023-06-29,30.0,Bank Transfer,2023-06
U0428,2022-11-02,10.0,PayPal,2022-11
U0428,2022-12-02,10.0,Bank Transfer,2022-12
U0428,2023-01-02,10.0,Bank Transfer,2023-01
U0428,2023-02-02,10.0,Credit Card,2023-02
U0428,2023-03-02,10.0,PayPal,2023-03
U0428,2023-04-02,10.0,Bank Transfer,2023-04
U0428,2023-05-02,10.0,PayPal,2023-05
U0428,2023-06-02,10.0,PayPal,2023-06
U0428,2023-07-02,10.0,Bank Transfer,2023-07
U0428,2023-08-02,10.0,Bank Transfer,2023-08
U0428,2023-09-02,10.0,Credit Card,2023-09
U0428,2023-10-02,10.0,Credit Card,2023-10
U0429,2022-04-17,20.0,PayPal,2022-04
U0429,2022-05-17,20.0,Bank Transfer,2022-05
U0429,2022-06-17,20.0,Credit Card,2022-06
U0429,2022-07-17,20.0,Bank Transfer,2022-07
U0429,2022-08-17,20.0,PayPal,2022-08
U0429,2022-09-17,20.0,Credit Card,2022-09
U0430,2022-09-09,20.0,Credit Card,2022-09
U0431,2023-01-01,30.0,PayPal,2023-01
U0431,2023-02-01,30.0,Bank Transfer,2023-02
U0431,2023-03-01,30.0,Bank Transfer,2023-03
U0432,2022-07-22,10.0,Credit Card,2022-07
U0432,2022-08-22,10.0,PayPal,2022-08
U0432,2022-09-22,10.0,Credit Card,2022-09
U0432,2022-10-22,10.0,Bank Transfer,2022-10
U0432,2022-11-22,10.0,Credit Card,2022-11
U0432,2022-12-22,10.0,PayPal,2022-12
U0433,2022-12-25,20.0,PayPal,2022-12
U0434,2022-08-10,30.0,PayPal,2022-08
U0434,2022-09-10,30.0,Credit Card,2022-09
U0434,2022-10-10,30.0,PayPal,2022-10
U0435,2022-05-04,20.0,PayPal,2022-05
U0435,2022-06-04,20.0,Bank Transfer,2022-06
U0435,2022-07-04,20.0,Credit Card,2022-07
U0435,2022-08-04,20.0,PayPal,2022-08
U0435,2022-09-04,20.0,Credit Card,2022-09
U0435,2022-10-04,20.0,Credit Card,2022-10
U0435,2022-11-04,20.0,Credit Card,2022-11
U0435,2022-12-04,20.0,Bank Transfer,2022-12
U0435,2023-01-04,20.0,Credit Card,2023-01
U0435,2023-02-04,20.0,Credit Card,2023-02
U0435,2023-03-04,20.0,Credit Card,2023-03
U0435,2023-04-04,20.0,PayPal,2023-04
U0436,2022-10-20,20.0,Credit Card,2022-10
U0437,2022-05-17,30.0,Bank Transfer,2022-05
U0438,2022-01-06,20.0,Bank Transfer,2022-01
U0438,2022-02-06,20.0,Credit Card,2022-02
U0438,2022-03-06,20.0,Credit Card,2022-03
U0438,2022-04-06,20.0,Bank Transfer,2022-04
U0438,2022-05-06,20.0,PayPal,2022-05
U0438,2022-06-06,20.0,Credit Card,2022-06
U0438,2022-07-06,20.0,Bank Transfer,2022-07
U0438,2022-08-06,20.0,Credit Card,2022-08
U0438,2022-09-06,20.0,Bank Transfer,2022-09
U0438,2022-10-06,20.0,Bank Transfer,2022-10
U0438,2022-11-06,20.0,PayPal,2022-11
U0438,2022-12-06,20.0,Credit Card,2022-12
U0439,2022-12-25,10.0,Credit Card,2022-12
U0439,2023-01-25,10.0,PayPal,2023-01
U0439,2023-02-25,10.0,PayPal,2023-02
U0440,2022-02-15,10.0,Bank Transfer,2022-02
U0440,2022-03-15,10.0,Bank Transfer,2022-03
U0440,2022-04-15,10.0,Credit Card,2022-04
U0440,2022-05-15,10.0,Credit Card,2022-05
U0440,2022-06-15,10.0,PayPal,2022-06
U0440,2022-07-15,10.0,Credit Card,2022-07
U0441,2022-11-03,20.0,PayPal,2022-11
U0441,2022-12-03,20.0,Credit Card,2022-12
U0441,2023-01-03,20.0,Credit Card,2023-01
U0441,2023-02-03,20.0,Bank Transfer,2023-02
U0441,2023-03-03,20.0,Bank Transfer,2023-03
U0441,2023-04-03,20.0,PayPal,2023-04
U0442,2022-04-10,30.0,PayPal,2022-04
U0442,2022-05-10,30.0,Bank Transfer,2022-05
U0442,2022-06-10,30.0,Credit Card,2022-06
U0442,2022-07-10,30.0,Credit Card,2022-07
U0442,2022-08-10,30.0,PayPal,2022-08
U0442,2022-09-10,30.0,PayPal,2022-09
U0443,2022-03-19,20.0,PayPal,2022-03
U0443,2022-04-19,20.0,PayPal,2022-04
U0443,2022-05-19,20.0,PayPal,2022-05
U0443,2022-06-19,20.0,Bank Transfer,2022-06
U0443,2022-07-19,20.0,PayPal,2022-07
U0443,2022-08-19,20.0,Credit Card,2022-08
U0444,2022-03-27,30.0,Bank Transfer,2022-03
U0444,2022-04-27,30.0,PayPal,2022-04
U0444,2022-05-27,30.0,Credit Card,2022-05
U0444,2022-06-27,30.0,PayPal,2022-06
U0444,2022-07-27,30.0,Bank Transfer,2022-07
U0444,2022-08-27,30.0,PayPal,2022-08
U0445,2022-11-03,30.0,Bank Transfer,2022-11
U0446,2022-01-12,20.0,Bank Transfer,2022-01
U0447,2022-12-10,10.0,Bank Transfer,2022-12
U0447,2023-01-10,10.0,Bank Transfer,2023-01
U0447,2023-02-10,10.0,Credit Card,2023-02
U0447,2023-03-10,10.0,Bank Transfer,2023-03
U0447,2023-04-10,10.0,Credit Card,2023-04
U0447,2023-05-10,10.0,Credit Card,2023-05
U0447,2023-06-10,10.0,Bank Transfer,2023-06
U0447,2023-07-10,10.0,Credit Card,2023-07
U0447,2023-08-10,10.0,PayPal,2023-08
U0447,2023-09-10,10.0,Bank Transfer,2023-09
U0447,2023-10-10,10.0,PayPal,2023-10
U0447,2023-11-10,10.0,Credit Card,2023-11
U0448,2022-01-11,10.0,Credit Card,2022-01
U0448,2022-02-11,10.0,Bank Transfer,2022-02
U0448,2022-03-11,10.0,Credit Card,2022-03
U0448,2022-04-11,10.0,Credit Card,2022-04
U0448,2022-05-11,10.0,Bank Transfer,2022-05
U0448,2022-06-11,10.0,Credit Card,2022-06
U0449,2022-11-05,20.0,PayPal,2022-11
U0450,2022-03-16,10.0,PayPal,2022-03
U0450,2022-04-16,10.0,Bank Transfer,2022-04
U0450,2022-05-16,10.0,Credit Card,2022-05
U0450,2022-06-16,10.0,Bank Transfer,2022-06
U0450,2022-07-16,10.0,PayPal,2022-07
U0450,2022-08-16,10.0,PayPal,2022-08
U0451,2022-12-27,30.0,Credit Card,2022-12
U0451,2023-01-27,30.0,PayPal,2023-01
U0451,2023-02-27,30.0,Bank Transfer,2023-02
U0451,2023-03-27,30.0,Credit Card,2023-03
U0451,2023-04-27,30.0,PayPal,2023-04
U0451,2023-05-27,30.0,Credit Card,2023-05
U0452,2022-06-25,30.0,PayPal,2022-06
U0453,2022-02-12,20.0,Bank Transfer,2022-02
U0453,2022-03-12,20.0,Bank Transfer,2022-03
U0453,2022-04-12,20.0,Credit Card,2022-04
U0453,2022-05-12,20.0,Credit Card,2022-05
U0453,2022-06-12,20.0,Credit Card,2022-06
U0453,2022-07-12,20.0,Bank Transfer,2022-07
U0453,2022-08-12,20.0,Bank Transfer,2022-08
U0453,2022-09-12,20.0,PayPal,2022-09
U0453,2022-10-12,20.0,Bank Transfer,2022-10
U0453,2022-11-12,20.0,Bank Transfer,2022-11
U0453,2022-12-12,20.0,PayPal,2022-12
U0453,2023-01-12,20.0,PayPal,2023-01
U0454,2022-06-19,10.0,Bank Transfer,2022-06
U0455,2022-12-25,10.0,Bank Transfer,2022-12
U0455,2023-01-25,10.0,Credit Card,2023-01
U0455,2023-02-25,10.0,PayPal,2023-02
U0455,2023-03-25,10.0,PayPal,2023-03
U0455,2023-04-25,10.0,Credit Card,2023-04
U0455,2023-05-25,10.0,Bank Transfer,2023-05
U0455,2023-06-25,10.0,PayPal,2023-06
U0455,2023-07-25,10.0,PayPal,2023-07
U0455,2023-08-25,10.0,Credit Card,2023-08
U0455,2023-09-25,10.0,Bank Transfer,2023-09
U0455,2023-10-25,10.0,Bank Transfer,2023-10
U0455,2023-11-25,10.0,Bank Transfer,2023-11
U0456,2022-11-27,20.0,PayPal,2022-11
U0456,2022-12-27,20.0,Bank Transfer,2022-12
U0456,2023-01-27,20.0,PayPal,2023-01
U0457,2022-12-15,20.0,Bank Transfer,2022-12
U0457,2023-01-15,20.0,PayPal,2023-01
U0457,2023-02-15,20.0,Credit Card,2023-02
U0458,2022-01-17,30.0,Credit Card,2022-01
U0458,2022-02-17,30.0,Credit Card,2022-02
U0458,2022-03-17,30.0,Bank Transfer,2022-03
U0458,2022-04-17,30.0,Credit Card,2022-04
U0458,2022-05-17,30.0,PayPal,2022-05
U0458,2022-06-17,30.0,Bank Transfer,2022-06
U0458,2022-07-17,30.0,PayPal,2022-07
U0458,2022-08-17,30.0,Bank Transfer,2022-08
U0458,2022-09-17,30.0,Bank Transfer,2022-09
U0458,2022-10-17,30.0,PayPal,2022-10
U0458,2022-11-17,30.0,Credit Card,2022-11
U0458,2022-12-17,30.0,PayPal,2022-12
U0459,2022-07-06,20.0,Bank Transfer,2022-07
U0460,2022-05-11,20.0,PayPal,2022-05
U0460,2022-06-11,20.0,Credit Card,2022-06
U0460,2022-07-11,20.0,PayPal,2022-07
U0461,2022-01-05,10.0,Credit Card,2022-01
U0461,2022-02-05,10.0,Credit Card,2022-02
U0461,2022-03-05,10.0,PayPal,2022-03
U0462,2022-02-26,10.0,Bank Transfer,2022-02
U0462,2022-03-26,10.0,Bank Transfer,2022-03
U0462,2022-04-26,10.0,Credit Card,2022-04
U0462,2022-05-26,10.0,Credit Card,2022-05
U0462,2022-06-26,10.0,Bank Transfer,2022-06
U0462,2022-07-26,10.0,PayPal,2022-07
U0463,2022-02-18,10.0,PayPal,2022-02
U0463,2022-03-18,10.0,Credit Card,2022-03
U0463,2022-04-18,10.0,Credit Card,2022-04
U0463,2022-05-18,10.0,PayPal,2022-05
U0463,2022-06-18,10.0,PayPal,2022-06
U0463,2022-07-18,10.0,Bank Transfer,2022-07
U0463,2022-08-18,10.0,Bank Transfer,2022-08
U0463,2022-09-18,10.0,Bank Transfer,2022-09
U0463,2022-10-18,10.0,Bank Transfer,2022-10
U0463,2022-11-18,10.0,Credit Card,2022-11
U0463,2022-12-18,10.0,PayPal,2022-12
U0463,2023-01-18,10.0,PayPal,2023-01
U0464,2022-07-07,10.0,Credit Card,2022-07
U0465,2022-12-31,20.0,Bank Transfer,2022-12
U0465,2023-01-31,20.0,PayPal,2023-01
U0465,2023-02-28,20.0,PayPal,2023-02
U0465,2023-03-31,20.0,Bank Transfer,2023-03
U0465,2023-04-30,20.0,PayPal,2023-04
U0465,2023-05-31,20.0,Credit Card,2023-05
U0465,2023-06-30,20.0,PayPal,2023-06
U0465,2023-07-31,20.0,PayPal,2023-07
U0465,2023-08-31,20.0,PayPal,2023-08
U0465,2023-09-30,20.0,Bank Transfer,2023-09
U0465,2023-10-31,20.0,PayPal,2023-10
U0465,2023-11-30,20.0,Credit Card,2023-11
U0466,2022-06-29,20.0,Bank Transfer,2022-06
U0466,2022-07-29,20.0,Credit Card,2022-07
U0466,2022-08-29,20.0,Bank Transfer,2022-08
U0467,2022-04-12,20.0,PayPal,2022-04
U0467,2022-05-12,20.0,Bank Transfer,2022-05
U0467,2022-06-12,20.0,Credit Card,2022-06
U0467,2022-07-12,20.0,PayPal,2022-07
U0467,2022-08-12,20.0,Credit Card,2022-08
U0467,2022-09-12,20.0,Bank Transfer,2022-09
U0467,2022-10-12,20.0,PayPal,2022-10
U0467,2022-11-12,20.0,Bank Transfer,2022-11
U0467,2022-12-12,20.0,PayPal,2022-12
U0467,2023-01-12,20.0,PayPal,2023-01
U0467,2023-02-12,20.0,Credit Card,2023-02
U0467,2023-03-12,20.0,Credit Card,2023-03
U0468,2022-01-24,10.0,PayPal,2022-01
U0469,2022-07-12,10.0,Bank Transfer,2022-07
U0470,2022-09-16,30.0,PayPal,2022-09
U0470,2022-10-16,30.0,Credit Card,2022-10
U0470,2022-11-16,30.0,PayPal,2022-11
U0470,2022-12-16,30.0,PayPal,2022-12
U0470,2023-01-16,30.0,Bank Transfer,2023-01
U0470,2023-02-16,30.0,PayPal,2023-02
U0470,2023-03-16,30.0,Credit Card,2023-03
U0470,2023-04-16,30.0,Bank Transfer,2023-04
U0470,2023-05-16,30.0,PayPal,2023-05
U0470,2023-06-16,30.0,PayPal,2023-06
U0470,2023-07-16,30.0,Bank Transfer,2023-07
U0470,2023-08-16,30.0,PayPal,2023-08
U0471,2022-07-27,30.0,PayPal,2022-07
U0472,2022-12-08,30.0,Credit Card,2022-12
U0472,2023-01-08,30.0,PayPal,2023-01
U0472,2023-02-08,30.0,PayPal,2023-02
U0472,2023-03-08,30.0,PayPal,2023-03
U0472,2023-04-08,30.0,Credit Card,2023-04
U0472,2023-05-08,30.0,Bank Transfer,2023-05
U0473,2022-04-07,20.0,Credit Card,2022-04
U0473,2022-05-07,20.0,PayPal,2022-05
U0473,2022-06-07,20.0,PayPal,2022-06
U0473,2022-07-07,20.0,Credit Card,2022-07
U0473,2022-08-07,20.0,Bank Transfer,2022-08
U0473,2022-09-07,20.0,Credit Card,2022-09
U0474,2022-09-03,20.0,Bank Transfer,2022-09
U0474,2022-10-03,20.0,Bank Transfer,2022-10
U0474,2022-11-03,20.0,PayPal,2022-11
U0475,2022-02-23,30.0,Credit Card,2022-02
U0476,2022-03-08,30.0,Credit Card,2022-03
U0476,2022-04-08,30.0,Credit Card,2022-04
U0476,2022-05-08,30.0,Credit Card,2022-05
U0476,2022-06-08,30.0,Bank Transfer,2022-06
U0476,2022-07-08,30.0,Bank Transfer,2022-07
U0476,2022-08-08,30.0,Credit Card,2022-08
U0476,2022-09-08,30.0,Credit Card,2022-09
U0476,2022-10-08,30.0,Bank Transfer,2022-10
U0476,2022-11-08,30.0,Credit Card,2022-11
U0476,2022-12-08,30.0,PayPal,2022-12
U0476,2023-01-08,30.0,PayPal,2023-01
U0476,2023-02-08,30.0,Credit Card,2023-02
U0477,2022-04-17,20.0,Credit Card,2022-04
U0478,2022-05-05,20.0,Bank Transfer,2022-05
U0478,2022-06-05,20.0,Credit Card,2022-06
U0478,2022-07-05,20.0,Credit Card,2022-07
U0478,2022-08-05,20.0,PayPal,2022-08
U0478,2022-09-05,20.0,PayPal,2022-09
U0478,2022-10-05,20.0,Bank Transfer,2022-10
U0479,2022-12-21,10.0,Credit Card,2022-12
U0479,2023-01-21,10.0,PayPal,2023-01
U0479,2023-02-21,10.0,Bank Transfer,2023-02
U0479,2023-03-21,10.0,PayPal,2023-03
U0479,2023-04-21,10.0,PayPal,2023-04
U0479,2023-05-21,10.0,Credit Card,2023-05
U0479,2023-06-21,10.0,Credit Card,2023-06
U0479,2023-07-21,10.0,PayPal,2023-07
U0479,2023-08-21,10.0,PayPal,2023-08
U0479,2023-09-21,10.0,PayPal,2023-09
U0479,2023-10-21,10.0,Credit Card,2023-10
U0479,2023-11-21,10.0,Bank Transfer,2023-11
U0480,2022-07-01,10.0,Bank Transfer,2022-07
U0480,2022-08-01,10.0,Bank Transfer,2022-08
U0480,2022-09-01,10.0,Credit Card,2022-09
U0480,2022-10-01,10.0,PayPal,2022-10
U0480,2022-11-01,10.0,PayPal,2022-11
U0480,2022-12-01,10.0,Credit Card,2022-12
U0480,2023-01-01,10.0,Bank Transfer,2023-01
U0480,2023-02-01,10.0,PayPal,2023-02
U0480,2023-03-01,10.0,Bank Transfer,2023-03
U0480,2023-04-01,10.0,Bank Transfer,2023-04
U0480,2023-05-01,10.0,Credit Card,2023-05
U0480,2023-06-01,10.0,PayPal,2023-06
U0481,2022-08-02,10.0,PayPal,2022-08
U0481,2022-09-02,10.0,Credit Card,2022-09
U0481,2022-10-02,10.0,PayPal,2022-10
U0481,2022-11-02,10.0,PayPal,2022-11
U0481,2022-12-02,10.0,Credit Card,2022-12
U0481,2023-01-02,10.0,PayPal,2023-01
U0482,2022-10-16,20.0,PayPal,2022-10
U0482,2022-11-16,20.0,Credit Card,2022-11
U0482,2022-12-16,20.0,PayPal,2022-12
U0482,2023-01-16,20.0,Credit Card,2023-01
U0482,2023-02-16,20.0,Bank Transfer,2023-02
U0482,2023-03-16,20.0,Bank Transfer,2023-03
U0483,2022-11-21,20.0,Credit Card,2022-11
U0483,2022-12-21,20.0,Credit Card,2022-12
U0483,2023-01-21,20.0,Bank Transfer,2023-01
U0484,2022-01-27,10.0,Bank Transfer,2022-01
U0484,2022-02-27,10.0,Credit Card,2022-02
U0484,2022-03-27,10.0,PayPal,2022-03
U0485,2022-08-16,10.0,Bank Transfer,2022-08
U0485,2022-09-16,10.0,PayPal,2022-09
U0485,2022-10-16,10.0,Bank Transfer,2022-10
U0485,2022-11-16,10.0,Bank Transfer,2022-11
U0485,2022-12-16,10.0,Bank Transfer,2022-12
U0485,2023-01-16,10.0,Credit Card,2023-01
U0485,2023-02-16,10.0,Bank Transfer,2023-02
U0485,2023-03-16,10.0,Credit Card,2023-03
U0485,2023-04-16,10.0,Credit Card,2023-04
U0485,2023-05-16,10.0,Bank Transfer,2023-05
U0485,2023-06-16,10.0,PayPal,2023-06
U0485,2023-07-16,10.0,PayPal,2023-07
U0486,2022-12-06,20.0,Credit Card,2022-12
U0486,2023-01-06,20.0,Credit Card,2023-01
U0486,2023-02-06,20.0,Bank Transfer,2023-02
U0486,2023-03-06,20.0,Credit Card,2023-03
U0486,2023-04-06,20.0,PayPal,2023-04
U0486,2023-05-06,20.0,PayPal,2023-05
U0486,2023-06-06,20.0,Credit Card,2023-06
U0486,2023-07-06,20.0,Bank Transfer,2023-07
U0486,2023-08-06,20.0,PayPal,2023-08
U0486,2023-09-06,20.0,Bank Transfer,2023-09
U0486,2023-10-06,20.0,PayPal,2023-10
U0486,2023-11-06,20.0,Bank Transfer,2023-11
U0487,2022-06-27,10.0,PayPal,2022-06
U0487,2022-07-27,10.0,Credit Card,2022-07
U0487,2022-08-27,10.0,Bank Transfer,2022-08
U0487,2022-09-27,10.0,Credit Card,2022-09
U0487,2022-10-27,10.0,PayPal,2022-10
U0487,2022-11-27,10.0,Credit Card,2022-11
U0488,2022-04-27,20.0,Credit Card,2022-04
U0488,2022-05-27,20.0,Bank Transfer,2022-05
U0488,2022-06-27,20.0,Credit Card,2022-06
U0488,2022-07-27,20.0,Bank Transfer,2022-07
U0488,2022-08-27,20.0,PayPal,2022-08
U0488,2022-09-27,20.0,Bank Transfer,2022-09
U0488,2022-10-27,20.0,Bank Transfer,2022-10
U0488,2022-11-27,20.0,PayPal,2022-11
U0488,2022-12-27,20.0,Credit Card,2022-12
U0488,2023-01-27,20.0,Bank Transfer,2023-01
U0488,2023-02-27,20.0,PayPal,2023-02
U0488,2023-03-27,20.0,Credit Card,2023-03
U0489,2022-01-08,10.0,Bank Transfer,2022-01
U0489,2022-02-08,10.0,Bank Transfer,2022-02
U0489,2022-03-08,10.0,Bank Transfer,2022-03
U0489,2022-04-08,10.0,Credit Card,2022-04
U0489,2022-05-08,10.0,PayPal,2022-05
U0489,2022-06-08,10.0,PayPal,2022-06
U0490,2022-11-12,10.0,PayPal,2022-11
U0490,2022-12-12,10.0,Credit Card,2022-12
U0490,2023-01-12,10.0,PayPal,2023-01
U0491,2022-07-15,20.0,Credit Card,2022-07
U0491,2022-08-15,20.0,PayPal,2022-08
U0491,2022-09-15,20.0,Credit Card,2022-09
U0491,2022-10-15,20.0,PayPal,2022-10
U0491,2022-11-15,20.0,Credit Card,2022-11
U0491,2022-12-15,20.0,Credit Card,2022-12
U0491,2023-01-15,20.0,PayPal,2023-01
U0491,2023-02-15,20.0,Bank Transfer,2023-02
U0491,2023-03-15,20.0,Credit Card,2023-03
U0491,2023-04-15,20.0,Bank Transfer,2023-04
U0491,2023-05-15,20.0,PayPal,2023-05
U0491,2023-06-15,20.0,PayPal,2023-06
U0492,2022-02-09,20.0,Bank Transfer,2022-02
U0492,2022-03-09,20.0,Credit Card,2022-03
U0492,2022-04-09,20.0,PayPal,2022-04
U0492,2022-05-09,20.0,PayPal,2022-05
U0492,2022-06-09,20.0,Credit Card,2022-06
U0492,2022-07-09,20.0,PayPal,2022-07
U0492,2022-08-09,20.0,Credit Card,2022-08
U0492,2022-09-09,20.0,Credit Card,2022-09
U0492,2022-10-09,20.0,Credit Card,2022-10
U0492,2022-11-09,20.0,Credit Card,2022-11
U0492,2022-12-09,20.0,Credit Card,2022-12
U0492,2023-01-09,20.0,Bank Transfer,2023-01
U0493,2022-03-12,20.0,Credit Card,2022-03
U0493,2022-04-12,20.0,Bank Transfer,2022-04
U0493,2022-05-12,20.0,PayPal,2022-05
U0493,2022-06-12,20.0,PayPal,2022-06
U0493,2022-07-12,20.0,Credit Card,2022-07
U0493,2022-08-12,20.0,Credit Card,2022-08
U0494,2022-03-24,10.0,Credit Card,2022-03
U0494,2022-04-24,10.0,Bank Transfer,2022-04
U0494,2022-05-24,10.0,Credit Card,2022-05
U0494,2022-06-24,10.0,Credit Card,2022-06
U0494,2022-07-24,10.0,Credit Card,2022-07
U0494,2022-08-24,10.0,PayPal,2022-08
U0495,2022-08-03,30.0,Bank Transfer,2022-08
U0496,2022-07-16,30.0,Bank Transfer,2022-07
U0496,2022-08-16,30.0,Bank Transfer,2022-08
U0496,2022-09-16,30.0,PayPal,2022-09
U0496,2022-10-16,30.0,PayPal,2022-10
U0496,2022-11-16,30.0,Bank Transfer,2022-11
U0496,2022-12-16,30.0,Bank Transfer,2022-12
U0497,2022-02-10,10.0,Credit Card,2022-02
U0497,2022-03-10,10.0,Bank Transfer,2022-03
U0497,2022-04-10,10.0,PayPal,2022-04
U0497,2022-05-10,10.0,Bank Transfer,2022-05
U0497,2022-06-10,10.0,Credit Card,2022-06
U0497,2022-07-10,10.0,Bank Transfer,2022-07
U0497,2022-08-10,10.0,PayPal,2022-08
U0497,2022-09-10,10.0,Bank Transfer,2022-09
U0497,2022-10-10,10.0,Bank Transfer,2022-10
U0497,2022-11-10,10.0,PayPal,2022-11
U0497,2022-12-10,10.0,Bank Transfer,2022-12
U0497,2023-01-10,10.0,Credit Card,2023-01
U0498,2022-01-31,20.0,Bank Transfer,2022-01
U0498,2022-02-28,20.0,Bank Transfer,2022-02
U0498,2022-03-31,20.0,Credit Card,2022-03
U0498,2022-04-30,20.0,Bank Transfer,2022-04
U0498,2022-05-31,20.0,Bank Transfer,2022-05
U0498,2022-06-30,20.0,PayPal,2022-06
U0498,2022-07-31,20.0,Bank Transfer,2022-07
U0498,2022-08-31,20.0,PayPal,2022-08
U0498,2022-09-30,20.0,PayPal,2022-09
U0498,2022-10-31,20.0,PayPal,2022-10
U0498,2022-11-30,20.0,Bank Transfer,2022-11
U0498,2022-12-31,20.0,PayPal,2022-12
U0499,2022-01-28,10.0,Credit Card,2022-01
U0499,2022-02-28,10.0,PayPal,2022-02
U0499,2022-03-28,10.0,Credit Card,2022-03
U0499,2022-04-28,10.0,Bank Transfer,2022-04
U0499,2022-05-28,10.0,Credit Card,2022-05
U0499,2022-06-28,10.0,Credit Card,2022-06
U0499,2022-07-28,10.0,Credit Card,2022-07
U0499,2022-08-28,10.0,Bank Transfer,2022-08
U0499,2022-09-28,10.0,Bank Transfer,2022-09
U0499,2022-10-28,10.0,Credit Card,2022-10
U0499,2022-11-28,10.0,Bank Transfer,2022-11
U0499,2022-12-28,10.0,Credit Card,2022-12
U0500,2022-04-26,30.0,PayPal,2022-04
